0
0 0 0 6 6
1 0 0 4 6
1 0 1 1 6
2 0 0 4 6
2 0 1 1 6
3 0 0 2 6
3 0 1 2 6
4 0 0 2 6
4 0 1 2 6
5 0 1 3 6
6 0 0 4 6
6 0 1 1 6
7 0 0 4 6
7 1 1 2 6
8 0 0 2 6
8 0 1 2 6
9 0 1 3 6
10 0 0 2 6
10 0 1 1 6
10 1 1 2 6
11 0 0 2 6
11 0 1 2 6
12 0 0 2 6
12 0 1 1 6
12 1 1 2 6
13 0 1 3 6
14 0 1 2 6
14 1 1 2 6
15 0 0 2 6
15 1 1 4 6
16 0 1 1 6
16 1 1 4 6
17 0 1 3 6
18 0 1 2 6
18 1 1 2 6
19 0 1 2 6
19 1 1 2 6
20 0 1 1 6
20 1 1 4 6
21 0 1 1 6
21 1 1 4 6
22 1 1 6 6
1
0 0 0 2 12
0 0 4 1 12
0 0 8 1 12
0 4 4 2 12
0 4 8 1 12
0 8 8 2 12
1 0 0 2 12
1 1 4 1 12
1 1 8 1 12
1 3 4 1 12
1 3 8 1 12
2 0 1 1 12
2 0 3 1 12
2 4 4 2 12
2 5 8 1 12
2 7 8 1 12
3 0 1 1 12
3 1 4 1 12
3 2 8 1 12
3 3 3 2 12
4 0 3 1 12
4 1 1 2 12
4 3 4 1 12
4 6 8 1 12
5 1 1 2 12
5 1 3 1 12
5 3 3 2 12
6 0 5 1 12
6 0 7 1 12
6 4 5 1 12
6 4 7 1 12
6 8 8 2 12
7 1 5 1 12
7 1 7 1 12
7 3 5 1 12
7 3 7 1 12
8 0 2 1 12
8 4 5 1 12
8 5 8 1 12
8 7 7 2 12
9 0 2 1 12
9 2 4 1 12
9 2 8 1 12
10 1 2 1 12
10 3 5 1 12
10 6 7 1 12
11 0 6 1 12
11 4 7 1 12
11 5 5 2 12
11 7 8 1 12
12 1 7 1 12
12 2 5 1 12
12 3 6 1 12
13 5 5 2 12
13 5 7 1 12
13 7 7 2 12
14 2 5 1 12
14 2 7 1 12
15 2 2 2 12
15 6 6 2 12
16 2 2 2 12
17 0 6 1 12
17 4 6 1 12
17 6 8 1 12
18 1 6 1 12
18 3 6 1 12
19 5 6 1 12
19 6 7 1 12
20 2 6 1 12
21 6 6 2 12
2
1 8 8 2 12
2 0 8 1 12
3 3 8 1 12
3 7 8 1 12
4 1 8 1 12
4 5 8 1 12
5 2 8 1 12
5 4 8 1 12
5 6 8 1 12
6 0 0 2 12
7 0 0 2 12
7 8 8 2 12
8 0 3 1 12
8 0 7 1 12
9 3 3 2 12
9 3 7 1 12
9 7 7 2 12
10 0 3 1 12
10 1 7 1 12
10 5 8 1 12
11 0 1 1 12
11 0 5 1 12
12 0 1 1 12
12 3 5 1 12
12 7 8 1 12
13 0 2 1 12
13 0 4 1 12
13 0 6 1 12
14 0 2 1 12
14 3 4 1 12
14 3 6 1 12
14 7 7 2 12
15 1 3 1 12
15 1 7 1 12
15 3 5 1 12
15 5 7 1 12
16 2 3 1 12
16 2 7 1 12
16 3 4 1 12
16 4 7 1 12
16 6 6 2 12
17 1 1 2 12
17 1 5 1 12
17 5 5 2 12
18 1 1 2 12
18 2 5 1 12
18 4 5 1 12
18 6 8 1 12
19 0 6 1 12
19 1 2 1 12
19 1 4 1 12
19 5 5 2 12
20 1 2 1 12
20 2 5 1 12
20 3 6 1 12
20 4 4 2 12
20 6 7 1 12
21 1 4 1 12
21 1 6 1 12
21 2 2 2 12
21 4 5 1 12
21 5 6 1 12
22 2 2 2 12
22 2 4 1 12
22 2 6 1 12
22 4 4 2 12
22 4 6 1 12
22 6 6 2 12
