0
0 0 0 20 20
1 0 0 12 20
1 0 1 4 20
2 0 0 12 20
2 0 1 3 20
2 0 2 1 20
3 0 0 6 20
3 0 1 6 20
3 0 3 1 20
4 0 0 6 20
4 0 1 6 20
4 0 4 1 20
5 0 1 9 20
5 0 5 1 20
6 0 0 12 20
6 0 1 2 20
6 0 2 2 20
7 0 0 8 20
7 0 1 2 20
7 0 2 2 20
7 1 1 4 20
8 0 0 6 20
8 0 1 4 20
8 0 2 2 20
8 0 3 1 20
9 0 0 2 20
9 0 1 6 20
9 0 3 3 20
10 0 0 6 20
10 0 1 4 20
10 0 2 2 20
10 0 4 1 20
11 0 1 6 20
11 0 2 3 20
11 0 5 1 20
12 0 0 4 20
12 0 3 2 20
12 0 4 2 20
12 1 1 8 20
13 0 1 2 20
13 0 3 2 20
13 0 5 2 20
13 1 1 8 20
14 0 0 2 20
14 0 1 6 20
14 0 4 3 20
15 0 1 2 20
15 0 3 1 20
15 0 4 1 20
15 0 5 2 20
15 1 1 8 20
16 0 1 2 20
16 0 4 2 20
16 0 5 2 20
16 1 1 8 20
17 0 5 4 20
17 1 1 12 20
18 0 0 12 20
18 0 1 1 20
18 0 2 3 20
19 0 0 8 20
19 0 1 2 20
19 0 2 2 20
19 1 1 2 20
19 1 2 1 20
20 0 0 8 20
20 0 1 2 20
20 0 2 2 20
20 1 2 2 20
21 0 0 4 20
21 0 1 4 20
21 0 2 1 20
21 1 2 2 20
21 1 3 1 20
22 0 0 4 20
22 0 1 4 20
22 0 2 1 20
22 1 2 2 20
22 1 4 1 20
23 0 1 6 20
23 1 2 3 20
23 1 5 1 20
24 0 0 6 20
24 0 1 2 20
24 0 2 4 20
24 0 3 1 20
25 0 0 4 20
25 0 1 1 20
25 0 2 4 20
25 1 1 4 20
25 1 3 1 20
26 0 0 2 20
26 0 1 3 20
26 0 2 3 20
26 0 3 3 20
27 0 1 4 20
27 0 3 6 20
28 0 0 6 20
28 0 1 2 20
28 0 2 4 20
28 0 4 1 20
29 0 0 4 20
29 0 1 1 20
29 0 2 4 20
29 1 1 4 20
29 1 4 1 20
30 0 1 3 20
30 0 2 6 20
30 0 5 1 20
31 0 2 6 20
31 1 1 6 20
31 1 5 1 20
32 0 0 4 20
32 0 3 2 20
32 0 4 2 20
32 1 2 4 20
33 0 1 1 20
33 0 2 1 20
33 0 3 2 20
33 0 5 2 20
33 1 2 4 20
34 0 0 2 20
34 0 4 3 20
34 1 3 6 20
35 0 1 1 20
35 0 5 3 20
35 1 3 6 20
36 0 0 2 20
36 0 1 3 20
36 0 2 3 20
36 0 4 3 20
37 0 1 1 20
37 0 2 1 20
37 0 3 1 20
37 0 4 1 20
37 0 5 2 20
37 1 2 4 20
38 0 1 1 20
38 0 2 1 20
38 0 4 2 20
38 0 5 2 20
38 1 2 4 20
39 0 5 4 20
39 1 2 6 20
40 0 0 2 20
40 0 3 3 20
40 1 4 6 20
41 0 3 2 20
41 1 3 2 20
41 1 4 2 20
41 1 5 4 20
42 0 3 1 20
42 0 4 1 20
42 1 3 2 20
42 1 4 2 20
42 1 5 4 20
43 0 5 1 20
43 1 3 3 20
43 1 5 6 20
44 0 1 4 20
44 0 4 6 20
45 0 1 1 20
45 0 5 3 20
45 1 3 3 20
45 1 4 3 20
46 0 4 2 20
46 1 3 2 20
46 1 4 2 20
46 1 5 4 20
47 0 5 1 20
47 1 3 2 20
47 1 4 1 20
47 1 5 6 20
48 0 1 1 20
48 0 5 3 20
48 1 4 6 20
49 0 5 1 20
49 1 3 1 20
49 1 4 2 20
49 1 5 6 20
50 0 5 1 20
50 1 4 3 20
50 1 5 6 20
51 1 5 10 20
52 0 0 12 20
52 0 2 4 20
53 0 0 8 20
53 0 1 2 20
53 0 2 2 20
53 1 2 2 20
54 0 0 8 20
54 0 1 2 20
54 0 2 2 20
54 1 2 1 20
54 2 2 2 20
55 0 0 4 20
55 0 1 4 20
55 0 2 1 20
55 1 2 2 20
55 2 3 1 20
56 0 0 4 20
56 0 1 4 20
56 0 2 1 20
56 1 2 2 20
56 2 4 1 20
57 0 1 6 20
57 1 2 3 20
57 2 5 1 20
58 0 0 8 20
58 0 1 2 20
58 0 2 2 20
58 2 2 4 20
59 0 0 8 20
59 1 1 4 20
59 1 2 2 20
59 2 2 4 20
60 0 0 4 20
60 0 1 4 20
60 0 2 1 20
60 2 2 4 20
60 2 3 1 20
61 0 1 6 20
61 0 2 1 20
61 2 3 3 20
62 0 0 4 20
62 0 1 4 20
62 0 2 1 20
62 2 2 4 20
62 2 4 1 20
63 0 1 6 20
63 2 2 6 20
63 2 5 1 20
64 0 0 4 20
64 1 1 8 20
64 2 3 2 20
64 2 4 2 20
65 0 1 2 20
65 1 1 8 20
65 2 3 2 20
65 2 5 2 20
66 0 1 6 20
66 0 2 1 20
66 2 4 3 20
67 0 1 2 20
67 1 1 8 20
67 2 3 1 20
67 2 4 1 20
67 2 5 2 20
68 0 1 2 20
68 1 1 8 20
68 2 4 2 20
68 2 5 2 20
69 1 1 12 20
69 2 5 4 20
70 0 0 6 20
70 0 2 6 20
70 0 3 1 20
71 0 0 4 20
71 0 1 1 20
71 0 2 4 20
71 1 2 2 20
71 1 3 1 20
72 0 0 4 20
72 0 1 1 20
72 0 2 4 20
72 1 2 2 20
72 2 3 1 20
73 0 0 2 20
73 0 1 2 20
73 0 2 2 20
73 1 2 4 20
73 3 3 2 20
74 0 0 2 20
74 0 1 2 20
74 0 2 2 20
74 1 2 4 20
74 3 4 1 20
75 0 1 3 20
75 1 2 6 20
75 3 5 1 20
76 0 0 2 20
76 0 2 6 20
76 0 3 3 20
77 0 1 1 20
77 0 2 6 20
77 1 3 3 20
78 0 2 4 20
78 0 3 6 20
79 0 3 10 20
80 0 0 6 20
80 0 2 6 20
80 0 4 1 20
81 0 0 4 20
81 0 1 1 20
81 0 2 4 20
81 1 2 2 20
81 1 4 1 20
82 0 0 4 20
82 0 1 1 20
82 0 2 4 20
82 1 2 2 20
82 2 4 1 20
83 0 0 2 20
83 0 1 2 20
83 0 2 2 20
83 1 2 4 20
83 3 4 1 20
84 0 0 2 20
84 0 1 2 20
84 0 2 2 20
84 1 2 4 20
84 4 4 2 20
85 0 1 3 20
85 1 2 6 20
85 4 5 1 20
86 0 2 9 20
86 0 5 1 20
87 0 2 6 20
87 1 2 3 20
87 1 5 1 20
88 0 2 6 20
88 1 2 3 20
88 2 5 1 20
89 0 2 3 20
89 1 2 6 20
89 3 5 1 20
90 0 2 3 20
90 1 2 6 20
90 4 5 1 20
91 1 2 9 20
91 5 5 2 20
92 0 0 4 20
92 0 3 2 20
92 0 4 2 20
92 2 2 8 20
93 0 0 4 20
93 1 3 2 20
93 1 4 2 20
93 2 2 8 20
94 0 2 2 20
94 0 3 2 20
94 0 5 2 20
94 2 2 8 20
95 0 2 2 20
95 1 3 2 20
95 1 5 2 20
95 2 2 8 20
96 0 0 2 20
96 0 4 3 20
96 2 3 6 20
97 0 2 1 20
97 0 5 3 20
97 2 3 6 20
98 0 4 4 20
98 3 3 12 20
99 0 5 4 20
99 3 3 12 20
100 0 0 2 20
100 0 2 6 20
100 0 4 3 20
101 0 1 1 20
101 0 2 6 20
101 1 4 3 20
102 0 2 2 20
102 0 3 1 20
102 0 4 1 20
102 0 5 2 20
102 2 2 8 20
103 0 2 2 20
103 1 3 1 20
103 1 4 1 20
103 1 5 2 20
103 2 2 8 20
104 0 2 2 20
104 0 4 2 20
104 0 5 2 20
104 2 2 8 20
105 0 2 2 20
105 1 4 2 20
105 1 5 2 20
105 2 2 8 20
106 0 5 4 20
106 2 2 12 20
107 1 5 4 20
107 2 2 12 20
108 0 0 2 20
108 0 3 3 20
108 2 4 6 20
109 0 3 2 20
109 2 3 2 20
109 2 4 2 20
109 2 5 4 20
110 0 3 1 20
110 0 4 1 20
110 2 3 2 20
110 2 4 2 20
110 2 5 4 20
111 0 5 1 20
111 2 3 3 20
111 2 5 6 20
112 0 0 2 20
112 3 4 9 20
113 0 3 1 20
113 3 4 3 20
113 3 5 6 20
114 0 4 1 20
114 3 4 3 20
114 3 5 6 20
115 0 5 1 20
115 3 5 9 20
116 0 2 4 20
116 0 4 6 20
117 0 2 1 20
117 0 5 3 20
117 2 3 3 20
117 2 4 3 20
118 0 4 2 20
118 2 3 2 20
118 2 4 2 20
118 2 5 4 20
119 0 5 1 20
119 2 3 2 20
119 2 4 1 20
119 2 5 6 20
120 0 2 1 20
120 0 5 3 20
120 2 4 6 20
121 0 5 1 20
121 2 3 1 20
121 2 4 2 20
121 2 5 6 20
122 0 5 1 20
122 2 4 3 20
122 2 5 6 20
123 2 5 10 20
124 0 3 4 20
124 4 4 12 20
125 0 3 1 20
125 3 3 6 20
125 4 5 6 20
126 3 3 4 20
126 3 4 2 20
126 4 4 4 20
126 5 5 8 20
127 3 3 4 20
127 3 5 2 20
127 4 5 2 20
127 5 5 8 20
128 0 3 1 20
128 3 4 3 20
128 4 5 6 20
129 3 3 2 20
129 3 4 1 20
129 3 5 2 20
129 4 5 2 20
129 5 5 8 20
130 3 4 2 20
130 3 5 2 20
130 4 5 2 20
130 5 5 8 20
131 3 5 4 20
131 5 5 12 20
132 0 4 10 20
133 0 5 4 20
133 3 4 6 20
134 0 4 1 20
134 3 5 6 20
134 4 4 6 20
135 0 5 1 20
135 3 5 6 20
135 4 5 3 20
136 0 4 1 20
136 3 4 3 20
136 4 5 6 20
137 3 4 2 20
137 3 5 2 20
137 4 5 2 20
137 5 5 8 20
138 3 4 1 20
138 3 5 2 20
138 4 4 2 20
138 4 5 2 20
138 5 5 8 20
139 3 5 3 20
139 4 5 1 20
139 5 5 12 20
140 0 5 4 20
140 4 4 12 20
141 0 5 1 20
141 3 5 3 20
141 4 5 6 20
142 3 5 2 20
142 4 4 4 20
142 4 5 2 20
142 5 5 8 20
143 3 5 2 20
143 4 5 2 20
143 5 5 12 20
144 0 5 1 20
144 4 5 9 20
145 3 5 1 20
145 4 5 3 20
145 5 5 12 20
146 4 5 4 20
146 5 5 12 20
147 5 5 20 20
1
0 0 0 6 90
0 0 6 3 90
0 0 12 1 90
0 0 19 3 90
0 0 25 1 90
0 0 31 1 90
0 6 6 4 90
0 6 12 3 90
0 6 19 2 90
0 6 25 2 90
0 6 31 1 90
0 12 12 6 90
0 12 19 1 90
0 12 25 3 90
0 12 31 1 90
0 19 19 4 90
0 19 25 2 90
0 19 31 3 90
0 25 25 4 90
0 25 31 3 90
0 31 31 6 90
1 0 0 4 90
1 0 6 2 90
1 0 19 2 90
1 0 32 1 90
1 6 6 4 90
1 6 19 2 90
1 6 32 1 90
1 7 12 3 90
1 7 25 2 90
1 7 31 1 90
1 11 12 3 90
1 11 25 2 90
1 11 31 1 90
1 12 20 1 90
1 12 24 1 90
1 12 32 1 90
1 19 19 4 90
1 19 32 1 90
1 20 25 2 90
1 20 31 3 90
1 24 25 2 90
1 24 31 3 90
1 25 32 1 90
1 31 32 1 90
2 0 0 4 90
2 0 6 2 90
2 0 19 2 90
2 0 32 1 90
2 1 12 1 90
2 1 25 1 90
2 1 31 1 90
2 5 12 1 90
2 5 25 1 90
2 5 31 1 90
2 6 7 2 90
2 6 11 2 90
2 6 20 1 90
2 6 24 1 90
2 6 32 1 90
2 7 19 1 90
2 11 19 1 90
2 12 12 4 90
2 12 25 2 90
2 12 43 1 90
2 19 20 2 90
2 19 24 2 90
2 19 32 1 90
2 25 25 4 90
2 25 43 1 90
2 26 31 3 90
2 30 31 3 90
2 31 43 1 90
3 0 0 2 90
3 0 6 1 90
3 0 19 1 90
3 0 32 2 90
3 6 7 2 90
3 6 20 1 90
3 6 32 2 90
3 7 12 2 90
3 7 19 1 90
3 7 25 1 90
3 10 12 1 90
3 10 25 1 90
3 10 31 1 90
3 11 11 4 90
3 11 24 2 90
3 12 20 1 90
3 12 33 1 90
3 12 39 1 90
3 19 20 2 90
3 19 32 2 90
3 20 25 2 90
3 21 31 3 90
3 24 24 4 90
3 25 33 1 90
3 25 39 1 90
3 31 33 1 90
3 31 39 1 90
4 0 0 2 90
4 0 6 1 90
4 0 19 1 90
4 0 32 2 90
4 2 12 1 90
4 2 25 1 90
4 2 31 1 90
4 6 11 2 90
4 6 24 1 90
4 6 32 2 90
4 7 7 4 90
4 7 20 2 90
4 11 12 2 90
4 11 19 1 90
4 11 25 1 90
4 12 24 1 90
4 12 37 1 90
4 12 42 1 90
4 19 24 2 90
4 19 32 2 90
4 20 20 4 90
4 24 25 2 90
4 25 37 1 90
4 25 42 1 90
4 29 31 3 90
4 31 37 1 90
4 31 42 1 90
5 0 32 3 90
5 6 32 3 90
5 7 7 4 90
5 7 11 2 90
5 7 20 2 90
5 7 24 1 90
5 11 11 4 90
5 11 20 1 90
5 11 24 2 90
5 12 34 1 90
5 12 38 1 90
5 12 41 1 90
5 19 32 3 90
5 20 20 4 90
5 20 24 2 90
5 24 24 4 90
5 25 34 1 90
5 25 38 1 90
5 25 41 1 90
5 31 34 1 90
5 31 38 1 90
5 31 41 1 90
6 0 0 4 90
6 0 7 1 90
6 0 11 1 90
6 0 20 1 90
6 0 24 1 90
6 0 32 1 90
6 1 6 2 90
6 1 19 2 90
6 5 6 2 90
6 5 19 2 90
6 6 12 2 90
6 6 25 2 90
6 6 43 1 90
6 8 31 1 90
6 12 12 4 90
6 12 25 2 90
6 12 43 1 90
6 14 31 1 90
6 17 31 1 90
6 19 26 2 90
6 19 30 2 90
6 19 43 1 90
6 23 31 1 90
6 25 26 2 90
6 25 30 2 90
6 25 43 1 90
6 31 31 4 90
6 31 57 1 90
7 0 0 4 90
7 1 6 2 90
7 1 19 2 90
7 5 6 2 90
7 5 19 2 90
7 7 12 2 90
7 7 25 2 90
7 7 32 1 90
7 7 43 1 90
7 9 31 1 90
7 11 12 2 90
7 11 25 2 90
7 11 32 1 90
7 11 43 1 90
7 13 31 1 90
7 18 31 1 90
7 20 26 2 90
7 20 30 2 90
7 20 32 1 90
7 20 43 1 90
7 22 31 1 90
7 24 26 2 90
7 24 30 2 90
7 24 32 1 90
7 24 43 1 90
7 32 32 2 90
8 0 0 2 90
8 0 7 1 90
8 0 20 1 90
8 0 32 2 90
8 1 6 1 90
8 1 12 1 90
8 1 19 1 90
8 1 25 1 90
8 3 31 1 90
8 5 11 2 90
8 5 24 2 90
8 6 7 1 90
8 6 10 1 90
8 6 20 1 90
8 6 33 1 90
8 6 39 1 90
8 10 19 1 90
8 12 12 2 90
8 12 25 1 90
8 12 43 2 90
8 19 21 2 90
8 19 33 1 90
8 19 39 1 90
8 25 26 2 90
8 25 43 2 90
8 26 31 2 90
8 28 31 1 90
8 30 30 4 90
8 31 44 1 90
8 31 52 1 90
9 0 7 1 90
9 0 20 1 90
9 0 32 3 90
9 6 7 1 90
9 6 20 1 90
9 6 33 2 90
9 6 39 1 90
9 7 12 1 90
9 10 11 3 90
9 10 24 3 90
9 12 20 1 90
9 12 33 1 90
9 12 39 2 90
9 19 21 2 90
9 19 33 2 90
9 19 39 1 90
9 21 25 2 90
9 21 31 2 90
9 25 33 1 90
9 25 39 2 90
9 31 35 1 90
9 31 40 1 90
9 31 48 1 90
10 0 0 2 90
10 0 11 1 90
10 0 24 1 90
10 0 32 2 90
10 1 7 2 90
10 1 20 2 90
10 2 6 1 90
10 2 19 1 90
10 5 6 1 90
10 5 12 1 90
10 5 19 1 90
10 5 25 1 90
10 6 11 1 90
10 6 24 1 90
10 6 37 1 90
10 6 42 1 90
10 12 12 2 90
10 12 25 1 90
10 12 43 2 90
10 15 31 1 90
10 16 31 1 90
10 19 29 2 90
10 19 37 1 90
10 19 42 1 90
10 25 30 2 90
10 25 43 2 90
10 26 26 4 90
10 30 31 2 90
10 31 50 1 90
10 31 56 1 90
11 0 32 3 90
11 1 7 2 90
11 1 11 1 90
11 1 20 2 90
11 1 24 1 90
11 5 7 1 90
11 5 11 2 90
11 5 20 1 90
11 5 24 2 90
11 6 34 1 90
11 6 38 1 90
11 6 41 1 90
11 12 43 3 90
11 19 34 1 90
11 19 38 1 90
11 19 41 1 90
11 25 43 3 90
11 26 26 4 90
11 26 30 2 90
11 30 30 4 90
11 31 45 1 90
11 31 51 1 90
11 31 54 1 90
12 0 0 2 90
12 2 6 1 90
12 2 12 1 90
12 2 19 1 90
12 2 25 1 90
12 4 31 1 90
12 6 10 1 90
12 7 33 2 90
12 7 39 2 90
12 10 12 1 90
12 10 19 1 90
12 10 25 1 90
12 11 37 2 90
12 11 42 2 90
12 20 33 2 90
12 20 39 2 90
12 21 21 4 90
12 24 37 2 90
12 24 42 2 90
12 27 31 1 90
12 29 29 4 90
12 32 32 4 90
13 0 32 1 90
13 6 34 1 90
13 7 10 1 90
13 7 33 2 90
13 7 39 2 90
13 10 11 1 90
13 10 20 1 90
13 10 24 1 90
13 11 38 2 90
13 11 41 2 90
13 12 34 1 90
13 19 34 1 90
13 20 33 2 90
13 20 39 2 90
13 21 21 4 90
13 24 38 2 90
13 24 41 2 90
13 25 34 1 90
13 31 36 1 90
13 32 32 4 90
14 0 11 1 90
14 0 24 1 90
14 0 32 3 90
14 2 7 3 90
14 2 20 3 90
14 6 11 1 90
14 6 24 1 90
14 6 37 2 90
14 6 42 1 90
14 11 12 1 90
14 12 24 1 90
14 12 37 1 90
14 12 42 2 90
14 19 29 2 90
14 19 37 2 90
14 19 42 1 90
14 25 29 2 90
14 25 37 1 90
14 25 42 2 90
14 29 31 2 90
14 31 46 1 90
14 31 49 1 90
14 31 55 1 90
15 0 32 1 90
15 2 7 1 90
15 2 20 1 90
15 6 38 1 90
15 7 34 2 90
15 7 37 1 90
15 7 42 1 90
15 10 11 1 90
15 10 24 1 90
15 11 33 1 90
15 11 39 1 90
15 11 41 2 90
15 12 38 1 90
15 19 38 1 90
15 20 34 2 90
15 20 37 1 90
15 20 42 1 90
15 21 29 2 90
15 24 33 1 90
15 24 39 1 90
15 24 41 2 90
15 25 38 1 90
15 31 47 1 90
15 32 32 4 90
16 0 32 1 90
16 2 7 1 90
16 2 11 1 90
16 2 20 1 90
16 2 24 1 90
16 6 41 1 90
16 7 34 2 90
16 7 38 2 90
16 11 37 2 90
16 11 42 2 90
16 12 41 1 90
16 19 41 1 90
16 20 34 2 90
16 20 38 2 90
16 24 37 2 90
16 24 42 2 90
16 25 41 1 90
16 29 29 4 90
16 31 53 1 90
16 32 32 4 90
17 7 34 3 90
17 7 38 2 90
17 7 41 1 90
17 11 34 1 90
17 11 38 2 90
17 11 41 3 90
17 20 34 3 90
17 20 38 2 90
17 20 41 1 90
17 24 34 1 90
17 24 38 2 90
17 24 41 3 90
17 32 32 6 90
18 0 1 3 90
18 0 5 3 90
18 0 26 1 90
18 0 30 1 90
18 0 43 1 90
18 6 6 4 90
18 6 12 2 90
18 6 26 1 90
18 6 30 1 90
18 6 43 1 90
18 8 19 2 90
18 8 25 1 90
18 12 12 4 90
18 12 26 1 90
18 12 30 1 90
18 12 43 1 90
18 14 19 1 90
18 14 25 2 90
18 17 19 2 90
18 17 25 1 90
18 19 23 1 90
18 19 31 2 90
18 19 57 1 90
18 23 25 2 90
18 25 31 2 90
18 25 57 1 90
18 31 31 4 90
18 31 57 1 90
19 0 1 2 90
19 0 5 2 90
19 1 32 1 90
19 5 32 1 90
19 6 6 4 90
19 7 12 2 90
19 7 26 1 90
19 7 30 1 90
19 7 43 1 90
19 8 19 2 90
19 9 25 1 90
19 11 12 2 90
19 11 26 1 90
19 11 30 1 90
19 11 43 1 90
19 13 25 1 90
19 14 20 1 90
19 14 24 1 90
19 17 19 2 90
19 18 25 1 90
19 20 23 1 90
19 20 31 2 90
19 20 57 1 90
19 22 25 1 90
19 23 24 1 90
19 24 31 2 90
19 24 57 1 90
19 26 32 1 90
19 30 32 1 90
19 32 43 1 90
20 0 1 2 90
20 0 5 2 90
20 1 26 1 90
20 1 30 1 90
20 1 32 1 90
20 1 43 1 90
20 5 26 1 90
20 5 30 1 90
20 5 32 1 90
20 5 43 1 90
20 6 7 2 90
20 6 11 2 90
20 8 20 1 90
20 8 24 1 90
20 9 19 1 90
20 12 12 4 90
20 13 19 1 90
20 14 25 2 90
20 17 20 1 90
20 17 24 1 90
20 18 19 1 90
20 19 22 1 90
20 23 25 2 90
20 26 31 2 90
20 26 43 1 90
20 26 57 1 90
20 30 31 2 90
20 30 43 1 90
20 30 57 1 90
20 43 43 2 90
21 0 1 1 90
21 0 5 1 90
21 1 32 2 90
21 5 32 2 90
21 6 7 2 90
21 7 12 2 90
21 8 20 1 90
21 9 19 1 90
21 9 25 1 90
21 10 26 1 90
21 10 30 1 90
21 10 43 1 90
21 11 11 4 90
21 13 24 2 90
21 14 20 1 90
21 17 20 1 90
21 18 19 1 90
21 18 25 1 90
21 20 23 1 90
21 21 31 2 90
21 21 57 1 90
21 22 24 2 90
21 26 33 1 90
21 26 39 1 90
21 30 33 1 90
21 30 39 1 90
21 33 43 1 90
21 39 43 1 90
22 0 1 1 90
22 0 5 1 90
22 1 32 2 90
22 2 26 1 90
22 2 30 1 90
22 2 43 1 90
22 5 32 2 90
22 6 11 2 90
22 7 7 4 90
22 8 24 1 90
22 9 20 2 90
22 11 12 2 90
22 13 19 1 90
22 13 25 1 90
22 14 24 1 90
22 17 24 1 90
22 18 20 2 90
22 19 22 1 90
22 22 25 1 90
22 23 24 1 90
22 26 37 1 90
22 26 42 1 90
22 29 31 2 90
22 29 57 1 90
22 30 37 1 90
22 30 42 1 90
22 37 43 1 90
22 42 43 1 90
23 1 32 3 90
23 5 32 3 90
23 7 7 4 90
23 7 11 2 90
23 9 20 2 90
23 9 24 1 90
23 11 11 4 90
23 13 20 1 90
23 13 24 2 90
23 18 20 2 90
23 18 24 1 90
23 20 22 1 90
23 22 24 2 90
23 26 34 1 90
23 26 38 1 90
23 26 41 1 90
23 30 34 1 90
23 30 38 1 90
23 30 41 1 90
23 34 43 1 90
23 38 43 1 90
23 41 43 1 90
24 0 1 2 90
24 0 10 1 90
24 0 21 1 90
24 0 33 1 90
24 0 39 1 90
24 1 6 2 90
24 3 19 2 90
24 5 5 4 90
24 6 12 1 90
24 6 26 1 90
24 6 43 2 90
24 8 25 1 90
24 8 31 1 90
24 12 12 2 90
24 12 26 1 90
24 12 43 2 90
24 14 25 1 90
24 14 31 1 90
24 17 30 2 90
24 19 26 1 90
24 19 28 1 90
24 19 44 1 90
24 19 52 1 90
24 23 30 2 90
24 25 26 1 90
24 25 28 1 90
24 25 44 1 90
24 25 52 1 90
24 31 31 2 90
24 31 57 2 90
25 0 1 2 90
25 1 6 2 90
25 3 19 2 90
25 5 5 4 90
25 7 12 1 90
25 7 26 1 90
25 7 43 2 90
25 9 25 1 90
25 9 31 1 90
25 10 32 1 90
25 11 12 1 90
25 11 26 1 90
25 11 43 2 90
25 13 25 1 90
25 13 31 1 90
25 18 30 2 90
25 20 26 1 90
25 20 28 1 90
25 20 44 1 90
25 20 52 1 90
25 21 32 1 90
25 22 30 2 90
25 24 26 1 90
25 24 28 1 90
25 24 44 1 90
25 24 52 1 90
25 32 33 1 90
25 32 39 1 90
26 0 1 1 90
26 0 21 1 90
26 0 33 2 90
26 0 39 1 90
26 1 6 1 90
26 1 12 1 90
26 3 19 1 90
26 3 25 1 90
26 3 31 1 90
26 5 10 3 90
26 6 21 1 90
26 6 33 1 90
26 6 39 2 90
26 12 26 1 90
26 12 43 3 90
26 19 21 1 90
26 19 35 1 90
26 19 40 1 90
26 19 48 1 90
26 25 26 1 90
26 25 44 2 90
26 25 52 1 90
26 26 31 1 90
26 28 30 3 90
26 31 44 1 90
26 31 52 2 90
27 0 21 1 90
27 0 33 3 90
27 0 39 1 90
27 6 21 1 90
27 6 33 2 90
27 6 39 2 90
27 10 10 6 90
27 12 21 1 90
27 12 33 1 90
27 12 39 3 90
27 19 21 1 90
27 19 35 2 90
27 19 40 1 90
27 19 48 1 90
27 21 25 1 90
27 21 31 1 90
27 25 35 1 90
27 25 40 2 90
27 25 48 1 90
27 31 35 1 90
27 31 40 1 90
27 31 48 2 90
28 0 2 1 90
28 0 5 2 90
28 0 29 1 90
28 0 37 1 90
28 0 42 1 90
28 1 1 4 90
28 5 6 2 90
28 6 12 1 90
28 6 30 1 90
28 6 43 2 90
28 8 26 2 90
28 12 12 2 90
28 12 30 1 90
28 12 43 2 90
28 14 26 2 90
28 15 19 1 90
28 15 25 1 90
28 16 19 2 90
28 17 25 1 90
28 17 31 1 90
28 19 30 1 90
28 19 50 1 90
28 19 56 1 90
28 23 25 1 90
28 23 31 1 90
28 25 30 1 90
28 25 50 1 90
28 25 56 1 90
28 31 31 2 90
28 31 57 2 90
29 0 5 2 90
29 1 1 4 90
29 2 32 1 90
29 5 6 2 90
29 7 12 1 90
29 7 30 1 90
29 7 43 2 90
29 9 26 2 90
29 11 12 1 90
29 11 30 1 90
29 11 43 2 90
29 13 26 2 90
29 15 20 1 90
29 15 24 1 90
29 16 19 2 90
29 18 25 1 90
29 18 31 1 90
29 20 30 1 90
29 20 50 1 90
29 20 56 1 90
29 22 25 1 90
29 22 31 1 90
29 24 30 1 90
29 24 50 1 90
29 24 56 1 90
29 29 32 1 90
29 32 37 1 90
29 32 42 1 90
30 0 34 1 90
30 0 38 1 90
30 0 41 1 90
30 1 1 4 90
30 1 5 2 90
30 5 5 4 90
30 6 43 3 90
30 8 26 2 90
30 8 30 1 90
30 12 43 3 90
30 14 26 2 90
30 14 30 1 90
30 17 26 1 90
30 17 30 2 90
30 19 45 1 90
30 19 51 1 90
30 19 54 1 90
30 23 26 1 90
30 23 30 2 90
30 25 45 1 90
30 25 51 1 90
30 25 54 1 90
30 31 57 3 90
31 1 1 4 90
31 1 5 2 90
31 5 5 4 90
31 7 43 3 90
31 9 26 2 90
31 9 30 1 90
31 11 43 3 90
31 13 26 2 90
31 13 30 1 90
31 18 26 1 90
31 18 30 2 90
31 20 45 1 90
31 20 51 1 90
31 20 54 1 90
31 22 26 1 90
31 22 30 2 90
31 24 45 1 90
31 24 51 1 90
31 24 54 1 90
31 32 34 1 90
31 32 38 1 90
31 32 41 1 90
32 0 2 1 90
32 0 10 1 90
32 1 33 2 90
32 1 39 2 90
32 2 6 1 90
32 3 21 2 90
32 4 19 1 90
32 5 37 2 90
32 5 42 2 90
32 6 10 1 90
32 12 12 2 90
32 15 25 1 90
32 15 31 1 90
32 16 29 2 90
32 19 27 1 90
32 25 28 1 90
32 26 44 2 90
32 26 52 2 90
32 28 31 1 90
32 30 50 2 90
32 30 56 2 90
32 43 43 4 90
33 0 34 1 90
33 1 10 1 90
33 1 33 2 90
33 1 39 2 90
33 3 21 2 90
33 5 10 1 90
33 5 38 2 90
33 5 41 2 90
33 6 34 1 90
33 12 43 1 90
33 19 36 1 90
33 25 45 1 90
33 26 28 1 90
33 26 44 2 90
33 26 52 2 90
33 28 30 1 90
33 30 51 2 90
33 30 54 2 90
33 31 45 1 90
33 43 43 4 90
34 0 2 1 90
34 2 6 1 90
34 2 12 1 90
34 4 19 1 90
34 4 25 1 90
34 4 31 1 90
34 10 37 3 90
34 10 42 3 90
34 21 35 2 90
34 21 40 2 90
34 21 48 2 90
34 27 29 3 90
34 33 33 4 90
34 33 39 2 90
34 39 39 4 90
35 0 34 1 90
35 6 34 1 90
35 10 38 3 90
35 10 41 3 90
35 12 34 1 90
35 19 36 1 90
35 21 35 2 90
35 21 40 2 90
35 21 48 2 90
35 25 36 1 90
35 31 36 1 90
35 33 33 4 90
35 33 39 2 90
35 39 39 4 90
36 0 5 1 90
36 0 29 1 90
36 0 37 2 90
36 0 42 1 90
36 1 2 3 90
36 5 6 1 90
36 5 12 1 90
36 6 29 1 90
36 6 37 1 90
36 6 42 2 90
36 12 30 1 90
36 12 43 3 90
36 15 26 3 90
36 16 19 1 90
36 16 25 1 90
36 16 31 1 90
36 19 29 1 90
36 19 46 1 90
36 19 49 1 90
36 19 55 1 90
36 25 30 1 90
36 25 50 2 90
36 25 56 1 90
36 30 31 1 90
36 31 50 1 90
36 31 56 2 90
37 0 38 1 90
37 1 2 1 90
37 1 34 2 90
37 1 37 1 90
37 1 42 1 90
37 3 29 1 90
37 5 10 1 90
37 5 33 1 90
37 5 39 1 90
37 5 41 2 90
37 6 38 1 90
37 12 43 1 90
37 15 26 1 90
37 16 21 1 90
37 19 47 1 90
37 25 51 1 90
37 26 45 2 90
37 26 50 1 90
37 26 56 1 90
37 28 30 1 90
37 30 44 1 90
37 30 52 1 90
37 30 54 2 90
37 31 51 1 90
37 43 43 4 90
38 0 41 1 90
38 1 2 1 90
38 1 34 2 90
38 1 38 2 90
38 2 5 1 90
38 5 37 2 90
38 5 42 2 90
38 6 41 1 90
38 12 43 1 90
38 15 26 1 90
38 15 30 1 90
38 16 29 2 90
38 19 53 1 90
38 25 54 1 90
38 26 45 2 90
38 26 51 2 90
38 30 50 2 90
38 30 56 2 90
38 31 54 1 90
38 43 43 4 90
39 1 34 3 90
39 1 38 2 90
39 1 41 1 90
39 5 34 1 90
39 5 38 2 90
39 5 41 3 90
39 26 45 3 90
39 26 51 2 90
39 26 54 1 90
39 30 45 1 90
39 30 51 2 90
39 30 54 3 90
39 43 43 6 90
40 0 10 1 90
40 2 33 3 90
40 2 39 3 90
40 4 21 3 90
40 6 10 1 90
40 10 12 1 90
40 19 27 1 90
40 25 27 1 90
40 27 31 1 90
40 29 46 2 90
40 29 49 2 90
40 29 55 2 90
40 37 37 4 90
40 37 42 2 90
40 42 42 4 90
41 2 33 1 90
41 2 39 1 90
41 4 21 1 90
41 10 10 2 90
41 10 33 1 90
41 10 39 1 90
41 21 27 1 90
41 21 36 2 90
41 29 47 2 90
41 33 34 2 90
41 34 39 2 90
41 37 38 2 90
41 38 42 2 90
41 41 41 4 90
42 2 10 1 90
42 2 33 1 90
42 2 39 1 90
42 4 21 1 90
42 10 37 1 90
42 10 42 1 90
42 21 36 2 90
42 27 29 1 90
42 29 53 2 90
42 33 34 2 90
42 34 39 2 90
42 37 41 2 90
42 38 38 4 90
42 41 42 2 90
43 10 34 1 90
43 10 38 1 90
43 10 41 1 90
43 21 36 3 90
43 33 34 3 90
43 34 39 3 90
43 38 38 4 90
43 38 41 2 90
43 41 41 4 90
44 0 29 1 90
44 0 37 3 90
44 0 42 1 90
44 2 2 6 90
44 6 29 1 90
44 6 37 2 90
44 6 42 2 90
44 12 29 1 90
44 12 37 1 90
44 12 42 3 90
44 19 29 1 90
44 19 46 2 90
44 19 49 1 90
44 19 55 1 90
44 25 29 1 90
44 25 46 1 90
44 25 49 2 90
44 25 55 1 90
44 29 31 1 90
44 31 46 1 90
44 31 49 1 90
44 31 55 2 90
45 0 38 1 90
45 2 34 3 90
45 6 38 1 90
45 10 41 3 90
45 12 38 1 90
45 19 47 1 90
45 21 46 1 90
45 21 49 1 90
45 21 55 1 90
45 25 47 1 90
45 29 35 1 90
45 29 40 1 90
45 29 48 1 90
45 31 47 1 90
45 33 37 2 90
45 33 42 1 90
45 37 39 1 90
45 39 42 2 90
46 2 2 2 90
46 2 37 1 90
46 2 42 1 90
46 4 29 1 90
46 10 37 1 90
46 10 42 1 90
46 21 47 2 90
46 27 29 1 90
46 29 53 2 90
46 33 38 2 90
46 34 34 4 90
46 37 41 2 90
46 38 39 2 90
46 41 42 2 90
47 2 34 1 90
47 10 38 1 90
47 10 41 1 90
47 21 47 2 90
47 29 36 1 90
47 33 38 2 90
47 34 34 4 90
47 34 37 1 90
47 34 42 1 90
47 38 39 2 90
47 38 41 2 90
47 41 41 4 90
48 0 41 1 90
48 2 34 3 90
48 2 38 3 90
48 6 41 1 90
48 12 41 1 90
48 19 53 1 90
48 25 53 1 90
48 29 46 2 90
48 29 49 2 90
48 29 55 2 90
48 31 53 1 90
48 37 37 4 90
48 37 42 2 90
48 42 42 4 90
49 2 34 1 90
49 2 38 1 90
49 10 41 1 90
49 21 53 1 90
49 29 47 2 90
49 33 41 1 90
49 34 34 4 90
49 34 38 2 90
49 37 38 2 90
49 38 42 2 90
49 39 41 1 90
49 41 41 4 90
50 2 34 1 90
50 2 38 1 90
50 2 41 1 90
50 29 53 3 90
50 34 34 4 90
50 34 38 2 90
50 37 41 3 90
50 38 38 4 90
50 41 42 3 90
51 34 34 6 90
51 34 38 3 90
51 34 41 1 90
51 38 38 4 90
51 38 41 3 90
51 41 41 6 90
52 0 8 3 90
52 0 14 1 90
52 0 17 3 90
52 0 23 1 90
52 0 57 1 90
52 6 8 2 90
52 6 14 2 90
52 6 17 2 90
52 6 23 2 90
52 6 57 1 90
52 8 12 1 90
52 12 14 3 90
52 12 17 1 90
52 12 23 3 90
52 12 57 1 90
52 19 19 4 90
52 19 25 2 90
52 19 31 2 90
52 19 57 1 90
52 25 25 4 90
52 25 31 2 90
52 25 57 1 90
52 31 31 4 90
52 31 57 1 90
53 0 8 2 90
53 0 17 2 90
53 6 8 2 90
53 6 17 2 90
53 7 14 2 90
53 7 23 2 90
53 7 57 1 90
53 8 32 1 90
53 9 12 1 90
53 11 14 2 90
53 11 23 2 90
53 11 57 1 90
53 12 13 1 90
53 12 18 1 90
53 12 22 1 90
53 14 32 1 90
53 17 32 1 90
53 19 19 4 90
53 20 25 2 90
53 20 31 2 90
53 20 57 1 90
53 23 32 1 90
53 24 25 2 90
53 24 31 2 90
53 24 57 1 90
53 32 57 1 90
54 0 8 2 90
54 0 17 2 90
54 1 14 1 90
54 1 23 1 90
54 1 57 1 90
54 5 14 1 90
54 5 23 1 90
54 5 57 1 90
54 6 9 1 90
54 6 13 1 90
54 6 18 1 90
54 6 22 1 90
54 7 8 1 90
54 7 17 1 90
54 8 11 1 90
54 8 32 1 90
54 11 17 1 90
54 12 14 2 90
54 12 23 2 90
54 14 43 1 90
54 17 32 1 90
54 19 20 2 90
54 19 24 2 90
54 23 43 1 90
54 25 25 4 90
54 26 31 2 90
54 26 57 1 90
54 30 31 2 90
54 30 57 1 90
54 43 57 1 90
55 0 8 1 90
55 0 17 1 90
55 6 9 1 90
55 6 18 1 90
55 7 8 1 90
55 7 14 1 90
55 7 17 1 90
55 7 23 1 90
55 8 32 2 90
55 9 12 1 90
55 10 14 1 90
55 10 23 1 90
55 10 57 1 90
55 11 13 2 90
55 11 22 2 90
55 12 18 1 90
55 14 33 1 90
55 14 39 1 90
55 17 32 2 90
55 19 20 2 90
55 20 25 2 90
55 21 31 2 90
55 21 57 1 90
55 23 33 1 90
55 23 39 1 90
55 24 24 4 90
55 33 57 1 90
55 39 57 1 90
56 0 8 1 90
56 0 17 1 90
56 2 14 1 90
56 2 23 1 90
56 2 57 1 90
56 6 13 1 90
56 6 22 1 90
56 7 9 2 90
56 7 18 2 90
56 8 11 1 90
56 8 32 2 90
56 11 14 1 90
56 11 17 1 90
56 11 23 1 90
56 12 13 1 90
56 12 22 1 90
56 14 37 1 90
56 14 42 1 90
56 17 32 2 90
56 19 24 2 90
56 20 20 4 90
56 23 37 1 90
56 23 42 1 90
56 24 25 2 90
56 29 31 2 90
56 29 57 1 90
56 37 57 1 90
56 42 57 1 90
57 7 9 2 90
57 7 13 1 90
57 7 18 2 90
57 7 22 1 90
57 8 32 3 90
57 9 11 1 90
57 11 13 2 90
57 11 18 1 90
57 11 22 2 90
57 14 34 1 90
57 14 38 1 90
57 14 41 1 90
57 17 32 3 90
57 20 20 4 90
57 20 24 2 90
57 23 34 1 90
57 23 38 1 90
57 23 41 1 90
57 24 24 4 90
57 34 57 1 90
57 38 57 1 90
57 41 57 1 90
58 0 9 1 90
58 0 13 1 90
58 0 18 1 90
58 0 22 1 90
58 1 8 2 90
58 1 17 2 90
58 5 8 2 90
58 5 17 2 90
58 6 14 2 90
58 6 23 2 90
58 8 43 1 90
58 8 57 1 90
58 12 14 2 90
58 12 23 2 90
58 14 43 1 90
58 14 57 1 90
58 17 43 1 90
58 17 57 1 90
58 19 26 2 90
58 19 30 2 90
58 23 43 1 90
58 23 57 1 90
58 25 26 2 90
58 25 30 2 90
58 31 31 4 90
58 57 57 2 90
59 1 8 2 90
59 1 17 2 90
59 5 8 2 90
59 5 17 2 90
59 7 14 2 90
59 7 23 2 90
59 9 32 1 90
59 9 43 1 90
59 9 57 1 90
59 11 14 2 90
59 11 23 2 90
59 13 32 1 90
59 13 43 1 90
59 13 57 1 90
59 18 32 1 90
59 18 43 1 90
59 18 57 1 90
59 20 26 2 90
59 20 30 2 90
59 22 32 1 90
59 22 43 1 90
59 22 57 1 90
59 24 26 2 90
59 24 30 2 90
60 0 9 1 90
60 0 18 1 90
60 1 8 1 90
60 1 14 1 90
60 1 17 1 90
60 1 23 1 90
60 3 57 1 90
60 5 13 2 90
60 5 22 2 90
60 6 9 1 90
60 6 18 1 90
60 8 10 1 90
60 8 33 1 90
60 8 39 1 90
60 10 17 1 90
60 12 14 1 90
60 12 23 1 90
60 14 43 2 90
60 17 33 1 90
60 17 39 1 90
60 19 21 2 90
60 23 43 2 90
60 25 26 2 90
60 26 31 2 90
60 28 57 1 90
60 30 30 4 90
60 44 57 1 90
60 52 57 1 90
61 0 9 1 90
61 0 18 1 90
61 6 9 1 90
61 6 18 1 90
61 8 33 2 90
61 8 39 1 90
61 9 12 1 90
61 10 13 3 90
61 10 22 3 90
61 12 18 1 90
61 14 33 1 90
61 14 39 2 90
61 17 33 2 90
61 17 39 1 90
61 19 21 2 90
61 21 25 2 90
61 21 31 2 90
61 23 33 1 90
61 23 39 2 90
61 35 57 1 90
61 40 57 1 90
61 48 57 1 90
62 0 13 1 90
62 0 22 1 90
62 1 9 2 90
62 1 18 2 90
62 2 8 1 90
62 2 17 1 90
62 5 8 1 90
62 5 14 1 90
62 5 17 1 90
62 5 23 1 90
62 6 13 1 90
62 6 22 1 90
62 8 37 1 90
62 8 42 1 90
62 12 14 1 90
62 12 23 1 90
62 14 43 2 90
62 15 57 1 90
62 16 57 1 90
62 17 37 1 90
62 17 42 1 90
62 19 29 2 90
62 23 43 2 90
62 25 30 2 90
62 26 26 4 90
62 30 31 2 90
62 50 57 1 90
62 56 57 1 90
63 1 9 2 90
63 1 13 1 90
63 1 18 2 90
63 1 22 1 90
63 5 9 1 90
63 5 13 2 90
63 5 18 1 90
63 5 22 2 90
63 8 34 1 90
63 8 38 1 90
63 8 41 1 90
63 14 43 3 90
63 17 34 1 90
63 17 38 1 90
63 17 41 1 90
63 23 43 3 90
63 26 26 4 90
63 26 30 2 90
63 30 30 4 90
63 45 57 1 90
63 51 57 1 90
63 54 57 1 90
64 2 8 1 90
64 2 14 1 90
64 2 17 1 90
64 2 23 1 90
64 4 57 1 90
64 8 10 1 90
64 9 33 2 90
64 9 39 2 90
64 10 14 1 90
64 10 17 1 90
64 10 23 1 90
64 13 37 2 90
64 13 42 2 90
64 18 33 2 90
64 18 39 2 90
64 21 21 4 90
64 22 37 2 90
64 22 42 2 90
64 27 57 1 90
64 29 29 4 90
65 8 34 1 90
65 9 10 1 90
65 9 33 2 90
65 9 39 2 90
65 10 13 1 90
65 10 18 1 90
65 10 22 1 90
65 13 38 2 90
65 13 41 2 90
65 14 34 1 90
65 17 34 1 90
65 18 33 2 90
65 18 39 2 90
65 21 21 4 90
65 22 38 2 90
65 22 41 2 90
65 23 34 1 90
65 36 57 1 90
66 0 13 1 90
66 0 22 1 90
66 2 9 3 90
66 2 18 3 90
66 6 13 1 90
66 6 22 1 90
66 8 37 2 90
66 8 42 1 90
66 12 13 1 90
66 12 22 1 90
66 14 37 1 90
66 14 42 2 90
66 17 37 2 90
66 17 42 1 90
66 19 29 2 90
66 23 37 1 90
66 23 42 2 90
66 25 29 2 90
66 29 31 2 90
66 46 57 1 90
66 49 57 1 90
66 55 57 1 90
67 2 9 1 90
67 2 18 1 90
67 8 38 1 90
67 9 34 2 90
67 9 37 1 90
67 9 42 1 90
67 10 13 1 90
67 10 22 1 90
67 13 33 1 90
67 13 39 1 90
67 13 41 2 90
67 14 38 1 90
67 17 38 1 90
67 18 34 2 90
67 18 37 1 90
67 18 42 1 90
67 21 29 2 90
67 22 33 1 90
67 22 39 1 90
67 22 41 2 90
67 23 38 1 90
67 47 57 1 90
68 2 9 1 90
68 2 13 1 90
68 2 18 1 90
68 2 22 1 90
68 8 41 1 90
68 9 34 2 90
68 9 38 2 90
68 13 37 2 90
68 13 42 2 90
68 14 41 1 90
68 17 41 1 90
68 18 34 2 90
68 18 38 2 90
68 22 37 2 90
68 22 42 2 90
68 23 41 1 90
68 29 29 4 90
68 53 57 1 90
69 9 34 3 90
69 9 38 2 90
69 9 41 1 90
69 13 34 1 90
69 13 38 2 90
69 13 41 3 90
69 18 34 3 90
69 18 38 2 90
69 18 41 1 90
69 22 34 1 90
69 22 38 2 90
69 22 41 3 90
70 0 3 3 90
70 0 28 1 90
70 0 44 1 90
70 0 52 1 90
70 6 8 2 90
70 6 14 1 90
70 6 28 1 90
70 6 44 1 90
70 6 52 1 90
70 8 12 1 90
70 8 19 2 90
70 8 25 1 90
70 12 14 2 90
70 12 28 1 90
70 12 44 1 90
70 12 52 1 90
70 14 19 1 90
70 14 25 2 90
70 17 17 4 90
70 17 23 2 90
70 19 31 1 90
70 19 57 2 90
70 23 23 4 90
70 25 31 1 90
70 25 57 2 90
70 31 31 2 90
70 31 57 2 90
71 0 3 2 90
71 3 32 1 90
71 6 8 2 90
71 7 14 1 90
71 7 28 1 90
71 7 44 1 90
71 7 52 1 90
71 8 19 2 90
71 9 12 1 90
71 9 25 1 90
71 11 14 1 90
71 11 28 1 90
71 11 44 1 90
71 11 52 1 90
71 12 13 1 90
71 13 25 1 90
71 14 20 1 90
71 14 24 1 90
71 17 17 4 90
71 18 23 2 90
71 20 31 1 90
71 20 57 2 90
71 22 23 2 90
71 24 31 1 90
71 24 57 2 90
71 28 32 1 90
71 32 44 1 90
71 32 52 1 90
72 0 3 2 90
72 1 28 1 90
72 1 44 1 90
72 1 52 1 90
72 3 32 1 90
72 5 28 1 90
72 5 44 1 90
72 5 52 1 90
72 6 9 1 90
72 6 13 1 90
72 7 8 1 90
72 8 11 1 90
72 8 20 1 90
72 8 24 1 90
72 9 19 1 90
72 12 14 2 90
72 13 19 1 90
72 14 25 2 90
72 17 18 2 90
72 17 22 2 90
72 23 23 4 90
72 26 31 1 90
72 26 57 2 90
72 28 43 1 90
72 30 31 1 90
72 30 57 2 90
72 43 44 1 90
72 43 52 1 90
73 0 3 1 90
73 3 32 2 90
73 6 9 1 90
73 7 8 1 90
73 7 14 1 90
73 8 20 1 90
73 9 12 1 90
73 9 19 1 90
73 9 25 1 90
73 10 28 1 90
73 10 44 1 90
73 10 52 1 90
73 11 13 2 90
73 13 24 2 90
73 14 20 1 90
73 17 18 2 90
73 18 23 2 90
73 21 31 1 90
73 21 57 2 90
73 22 22 4 90
73 28 33 1 90
73 28 39 1 90
73 33 44 1 90
73 33 52 1 90
73 39 44 1 90
73 39 52 1 90
74 0 3 1 90
74 2 28 1 90
74 2 44 1 90
74 2 52 1 90
74 3 32 2 90
74 6 13 1 90
74 7 9 2 90
74 8 11 1 90
74 8 24 1 90
74 9 20 2 90
74 11 14 1 90
74 12 13 1 90
74 13 19 1 90
74 13 25 1 90
74 14 24 1 90
74 17 22 2 90
74 18 18 4 90
74 22 23 2 90
74 28 37 1 90
74 28 42 1 90
74 29 31 1 90
74 29 57 2 90
74 37 44 1 90
74 37 52 1 90
74 42 44 1 90
74 42 52 1 90
75 3 32 3 90
75 7 9 2 90
75 7 13 1 90
75 9 11 1 90
75 9 20 2 90
75 9 24 1 90
75 11 13 2 90
75 13 20 1 90
75 13 24 2 90
75 18 18 4 90
75 18 22 2 90
75 22 22 4 90
75 28 34 1 90
75 28 38 1 90
75 28 41 1 90
75 34 44 1 90
75 34 52 1 90
75 38 44 1 90
75 38 52 1 90
75 41 44 1 90
75 41 52 1 90
76 0 3 2 90
76 0 35 1 90
76 0 40 1 90
76 0 48 1 90
76 3 6 2 90
76 3 19 2 90
76 6 44 2 90
76 6 52 1 90
76 8 12 1 90
76 8 25 1 90
76 8 31 1 90
76 12 14 1 90
76 12 44 2 90
76 12 52 1 90
76 14 25 1 90
76 14 31 1 90
76 17 28 3 90
76 19 44 1 90
76 19 52 2 90
76 23 28 3 90
76 25 44 1 90
76 25 52 2 90
76 31 57 3 90
77 0 3 2 90
77 3 6 2 90
77 3 19 2 90
77 7 44 2 90
77 7 52 1 90
77 9 12 1 90
77 9 25 1 90
77 9 31 1 90
77 11 44 2 90
77 11 52 1 90
77 12 13 1 90
77 13 25 1 90
77 13 31 1 90
77 18 28 3 90
77 20 44 1 90
77 20 52 2 90
77 22 28 3 90
77 24 44 1 90
77 24 52 2 90
77 32 35 1 90
77 32 40 1 90
77 32 48 1 90
78 0 3 1 90
78 0 35 2 90
78 0 40 1 90
78 0 48 1 90
78 3 6 1 90
78 3 12 1 90
78 3 19 1 90
78 3 25 1 90
78 3 31 1 90
78 6 35 1 90
78 6 40 2 90
78 6 48 1 90
78 12 44 3 90
78 12 52 1 90
78 19 35 1 90
78 19 40 1 90
78 19 48 2 90
78 25 44 2 90
78 25 52 2 90
78 28 28 6 90
78 31 44 1 90
78 31 52 3 90
79 0 35 3 90
79 0 40 1 90
79 0 48 1 90
79 6 35 2 90
79 6 40 2 90
79 6 48 1 90
79 12 35 1 90
79 12 40 3 90
79 12 48 1 90
79 19 35 2 90
79 19 40 1 90
79 19 48 2 90
79 25 35 1 90
79 25 40 2 90
79 25 48 2 90
79 31 35 1 90
79 31 40 1 90
79 31 48 3 90
80 0 15 1 90
80 0 16 3 90
80 0 50 1 90
80 0 56 1 90
80 6 15 1 90
80 6 17 2 90
80 6 23 1 90
80 6 50 1 90
80 6 56 1 90
80 8 8 4 90
80 8 14 2 90
80 12 15 1 90
80 12 17 1 90
80 12 23 2 90
80 12 50 1 90
80 12 56 1 90
80 14 14 4 90
80 17 19 2 90
80 17 25 1 90
80 19 23 1 90
80 19 31 1 90
80 19 57 2 90
80 23 25 2 90
80 25 31 1 90
80 25 57 2 90
80 31 31 2 90
80 31 57 2 90
81 0 16 2 90
81 6 17 2 90
81 7 15 1 90
81 7 23 1 90
81 7 50 1 90
81 7 56 1 90
81 8 8 4 90
81 9 14 2 90
81 11 15 1 90
81 11 23 1 90
81 11 50 1 90
81 11 56 1 90
81 12 18 1 90
81 12 22 1 90
81 13 14 2 90
81 15 32 1 90
81 16 32 1 90
81 17 19 2 90
81 18 25 1 90
81 20 23 1 90
81 20 31 1 90
81 20 57 2 90
81 22 25 1 90
81 23 24 1 90
81 24 31 1 90
81 24 57 2 90
81 32 50 1 90
81 32 56 1 90
82 0 16 2 90
82 1 15 1 90
82 1 50 1 90
82 1 56 1 90
82 5 15 1 90
82 5 50 1 90
82 5 56 1 90
82 6 18 1 90
82 6 22 1 90
82 7 17 1 90
82 8 9 2 90
82 8 13 2 90
82 11 17 1 90
82 12 23 2 90
82 14 14 4 90
82 15 43 1 90
82 16 32 1 90
82 17 20 1 90
82 17 24 1 90
82 18 19 1 90
82 19 22 1 90
82 23 25 2 90
82 26 31 1 90
82 26 57 2 90
82 30 31 1 90
82 30 57 2 90
82 43 50 1 90
82 43 56 1 90
83 0 16 1 90
83 6 18 1 90
83 7 17 1 90
83 7 23 1 90
83 8 9 2 90
83 9 14 2 90
83 10 15 1 90
83 10 50 1 90
83 10 56 1 90
83 11 22 2 90
83 12 18 1 90
83 13 13 4 90
83 15 33 1 90
83 15 39 1 90
83 16 32 2 90
83 17 20 1 90
83 18 19 1 90
83 18 25 1 90
83 20 23 1 90
83 21 31 1 90
83 21 57 2 90
83 22 24 2 90
83 33 50 1 90
83 33 56 1 90
83 39 50 1 90
83 39 56 1 90
84 0 16 1 90
84 2 15 1 90
84 2 50 1 90
84 2 56 1 90
84 6 22 1 90
84 7 18 2 90
84 8 13 2 90
84 9 9 4 90
84 11 17 1 90
84 11 23 1 90
84 12 22 1 90
84 13 14 2 90
84 15 37 1 90
84 15 42 1 90
84 16 32 2 90
84 17 24 1 90
84 18 20 2 90
84 19 22 1 90
84 22 25 1 90
84 23 24 1 90
84 29 31 1 90
84 29 57 2 90
84 37 50 1 90
84 37 56 1 90
84 42 50 1 90
84 42 56 1 90
85 7 18 2 90
85 7 22 1 90
85 9 9 4 90
85 9 13 2 90
85 11 18 1 90
85 11 22 2 90
85 13 13 4 90
85 15 34 1 90
85 15 38 1 90
85 15 41 1 90
85 16 32 3 90
85 18 20 2 90
85 18 24 1 90
85 20 22 1 90
85 22 24 2 90
85 34 50 1 90
85 34 56 1 90
85 38 50 1 90
85 38 56 1 90
85 41 50 1 90
85 41 56 1 90
86 0 45 1 90
86 0 51 1 90
86 0 54 1 90
86 6 45 1 90
86 6 51 1 90
86 6 54 1 90
86 8 8 4 90
86 8 14 2 90
86 8 17 2 90
86 8 23 1 90
86 12 45 1 90
86 12 51 1 90
86 12 54 1 90
86 14 14 4 90
86 14 17 1 90
86 14 23 2 90
86 17 17 4 90
86 17 23 2 90
86 19 57 3 90
86 23 23 4 90
86 25 57 3 90
86 31 57 3 90
87 7 45 1 90
87 7 51 1 90
87 7 54 1 90
87 8 8 4 90
87 8 17 2 90
87 9 14 2 90
87 9 23 1 90
87 11 45 1 90
87 11 51 1 90
87 11 54 1 90
87 13 14 2 90
87 13 23 1 90
87 14 18 1 90
87 14 22 1 90
87 17 17 4 90
87 18 23 2 90
87 20 57 3 90
87 22 23 2 90
87 24 57 3 90
87 32 45 1 90
87 32 51 1 90
87 32 54 1 90
88 1 45 1 90
88 1 51 1 90
88 1 54 1 90
88 5 45 1 90
88 5 51 1 90
88 5 54 1 90
88 8 9 2 90
88 8 13 2 90
88 8 18 1 90
88 8 22 1 90
88 9 17 1 90
88 13 17 1 90
88 14 14 4 90
88 14 23 2 90
88 17 18 2 90
88 17 22 2 90
88 23 23 4 90
88 26 57 3 90
88 30 57 3 90
88 43 45 1 90
88 43 51 1 90
88 43 54 1 90
89 8 9 2 90
89 8 18 1 90
89 9 14 2 90
89 9 17 1 90
89 9 23 1 90
89 10 45 1 90
89 10 51 1 90
89 10 54 1 90
89 13 13 4 90
89 13 22 2 90
89 14 18 1 90
89 17 18 2 90
89 18 23 2 90
89 21 57 3 90
89 22 22 4 90
89 33 45 1 90
89 33 51 1 90
89 33 54 1 90
89 39 45 1 90
89 39 51 1 90
89 39 54 1 90
90 2 45 1 90
90 2 51 1 90
90 2 54 1 90
90 8 13 2 90
90 8 22 1 90
90 9 9 4 90
90 9 18 2 90
90 13 14 2 90
90 13 17 1 90
90 13 23 1 90
90 14 22 1 90
90 17 22 2 90
90 18 18 4 90
90 22 23 2 90
90 29 57 3 90
90 37 45 1 90
90 37 51 1 90
90 37 54 1 90
90 42 45 1 90
90 42 51 1 90
90 42 54 1 90
91 9 9 4 90
91 9 13 2 90
91 9 18 2 90
91 9 22 1 90
91 13 13 4 90
91 13 18 1 90
91 13 22 2 90
91 18 18 4 90
91 18 22 2 90
91 22 22 4 90
91 34 45 1 90
91 34 51 1 90
91 34 54 1 90
91 38 45 1 90
91 38 51 1 90
91 38 54 1 90
91 41 45 1 90
91 41 51 1 90
91 41 54 1 90
92 0 4 1 90
92 0 27 1 90
92 3 3 4 90
92 6 15 1 90
92 6 28 1 90
92 8 44 2 90
92 8 52 2 90
92 12 15 1 90
92 12 28 1 90
92 14 44 2 90
92 14 52 2 90
92 15 19 1 90
92 15 25 1 90
92 16 16 4 90
92 17 50 2 90
92 17 56 2 90
92 19 28 1 90
92 23 50 2 90
92 23 56 2 90
92 25 28 1 90
92 31 31 2 90
92 57 57 4 90
93 3 3 4 90
93 4 32 1 90
93 7 15 1 90
93 7 28 1 90
93 9 44 2 90
93 9 52 2 90
93 11 15 1 90
93 11 28 1 90
93 13 44 2 90
93 13 52 2 90
93 15 20 1 90
93 15 24 1 90
93 16 16 4 90
93 18 50 2 90
93 18 56 2 90
93 20 28 1 90
93 22 50 2 90
93 22 56 2 90
93 24 28 1 90
93 27 32 1 90
94 0 36 1 90
94 3 3 4 90
94 6 45 1 90
94 8 28 1 90
94 8 44 2 90
94 8 52 2 90
94 12 45 1 90
94 14 28 1 90
94 14 44 2 90
94 14 52 2 90
94 17 28 1 90
94 17 51 2 90
94 17 54 2 90
94 19 45 1 90
94 23 28 1 90
94 23 51 2 90
94 23 54 2 90
94 25 45 1 90
94 31 57 1 90
94 57 57 4 90
95 3 3 4 90
95 7 45 1 90
95 9 28 1 90
95 9 44 2 90
95 9 52 2 90
95 11 45 1 90
95 13 28 1 90
95 13 44 2 90
95 13 52 2 90
95 18 28 1 90
95 18 51 2 90
95 18 54 2 90
95 20 45 1 90
95 22 28 1 90
95 22 51 2 90
95 22 54 2 90
95 24 45 1 90
95 32 36 1 90
96 0 4 1 90
96 3 35 2 90
96 3 40 2 90
96 3 48 2 90
96 4 6 1 90
96 4 19 1 90
96 12 15 1 90
96 15 25 1 90
96 15 31 1 90
96 16 27 3 90
96 28 50 3 90
96 28 56 3 90
96 44 44 4 90
96 44 52 2 90
96 52 52 4 90
97 0 36 1 90
97 3 35 2 90
97 3 40 2 90
97 3 48 2 90
97 6 36 1 90
97 12 45 1 90
97 19 36 1 90
97 25 45 1 90
97 28 51 3 90
97 28 54 3 90
97 31 45 1 90
97 44 44 4 90
97 44 52 2 90
97 52 52 4 90
98 0 4 1 90
98 4 6 1 90
98 4 12 1 90
98 4 19 1 90
98 4 25 1 90
98 4 31 1 90
98 27 27 6 90
98 35 35 4 90
98 35 40 2 90
98 35 48 2 90
98 40 40 4 90
98 40 48 2 90
98 48 48 4 90
99 0 36 1 90
99 6 36 1 90
99 12 36 1 90
99 19 36 1 90
99 25 36 1 90
99 31 36 1 90
99 35 35 4 90
99 35 40 2 90
99 35 48 2 90
99 40 40 4 90
99 40 48 2 90
99 48 48 4 90
100 0 16 2 90
100 0 46 1 90
100 0 49 1 90
100 0 55 1 90
100 6 16 2 90
100 6 50 2 90
100 6 56 1 90
100 8 15 3 90
100 12 17 1 90
100 12 23 1 90
100 12 50 2 90
100 12 56 1 90
100 14 15 3 90
100 16 19 2 90
100 17 25 1 90
100 17 31 1 90
100 19 50 1 90
100 19 56 2 90
100 23 25 1 90
100 23 31 1 90
100 25 50 1 90
100 25 56 2 90
100 31 57 3 90
101 0 16 2 90
101 6 16 2 90
101 7 50 2 90
101 7 56 1 90
101 9 15 3 90
101 11 50 2 90
101 11 56 1 90
101 12 18 1 90
101 12 22 1 90
101 13 15 3 90
101 16 19 2 90
101 18 25 1 90
101 18 31 1 90
101 20 50 1 90
101 20 56 2 90
101 22 25 1 90
101 22 31 1 90
101 24 50 1 90
101 24 56 2 90
101 32 46 1 90
101 32 49 1 90
101 32 55 1 90
102 0 47 1 90
102 3 16 2 90
102 6 51 1 90
102 8 15 1 90
102 8 45 2 90
102 8 50 1 90
102 8 56 1 90
102 12 51 1 90
102 14 15 1 90
102 14 45 2 90
102 14 50 1 90
102 14 56 1 90
102 17 28 1 90
102 17 44 1 90
102 17 52 1 90
102 17 54 2 90
102 19 51 1 90
102 23 28 1 90
102 23 44 1 90
102 23 52 1 90
102 23 54 2 90
102 25 51 1 90
102 31 57 1 90
102 57 57 4 90
103 3 16 2 90
103 7 51 1 90
103 9 15 1 90
103 9 45 2 90
103 9 50 1 90
103 9 56 1 90
103 11 51 1 90
103 13 15 1 90
103 13 45 2 90
103 13 50 1 90
103 13 56 1 90
103 18 28 1 90
103 18 44 1 90
103 18 52 1 90
103 18 54 2 90
103 20 51 1 90
103 22 28 1 90
103 22 44 1 90
103 22 52 1 90
103 22 54 2 90
103 24 51 1 90
103 32 47 1 90
104 0 53 1 90
104 6 54 1 90
104 8 15 1 90
104 8 45 2 90
104 8 51 2 90
104 12 54 1 90
104 14 15 1 90
104 14 45 2 90
104 14 51 2 90
104 15 17 1 90
104 15 23 1 90
104 16 16 4 90
104 17 50 2 90
104 17 56 2 90
104 19 54 1 90
104 23 50 2 90
104 23 56 2 90
104 25 54 1 90
104 31 57 1 90
104 57 57 4 90
105 7 54 1 90
105 9 15 1 90
105 9 45 2 90
105 9 51 2 90
105 11 54 1 90
105 13 15 1 90
105 13 45 2 90
105 13 51 2 90
105 15 18 1 90
105 15 22 1 90
105 16 16 4 90
105 18 50 2 90
105 18 56 2 90
105 20 54 1 90
105 22 50 2 90
105 22 56 2 90
105 24 54 1 90
105 32 53 1 90
106 8 45 3 90
106 8 51 2 90
106 8 54 1 90
106 14 45 3 90
106 14 51 2 90
106 14 54 1 90
106 17 45 1 90
106 17 51 2 90
106 17 54 3 90
106 23 45 1 90
106 23 51 2 90
106 23 54 3 90
106 57 57 6 90
107 9 45 3 90
107 9 51 2 90
107 9 54 1 90
107 13 45 3 90
107 13 51 2 90
107 13 54 1 90
107 18 45 1 90
107 18 51 2 90
107 18 54 3 90
107 22 45 1 90
107 22 51 2 90
107 22 54 3 90
108 0 27 1 90
108 3 4 3 90
108 6 27 1 90
108 12 28 1 90
108 15 44 3 90
108 15 52 3 90
108 16 46 2 90
108 16 49 2 90
108 16 55 2 90
108 19 27 1 90
108 25 28 1 90
108 28 31 1 90
108 50 50 4 90
108 50 56 2 90
108 56 56 4 90
109 3 4 1 90
109 3 27 1 90
109 3 36 2 90
109 15 44 1 90
109 15 52 1 90
109 16 47 2 90
109 28 28 2 90
109 28 44 1 90
109 28 52 1 90
109 44 45 2 90
109 45 52 2 90
109 50 51 2 90
109 51 56 2 90
109 54 54 4 90
110 3 4 1 90
110 3 36 2 90
110 15 28 1 90
110 15 44 1 90
110 15 52 1 90
110 16 27 1 90
110 16 53 2 90
110 28 50 1 90
110 28 56 1 90
110 44 45 2 90
110 45 52 2 90
110 50 54 2 90
110 51 51 4 90
110 54 56 2 90
111 3 36 3 90
111 28 45 1 90
111 28 51 1 90
111 28 54 1 90
111 44 45 3 90
111 45 52 3 90
111 51 51 4 90
111 51 54 2 90
111 54 54 4 90
112 4 35 3 90
112 4 40 3 90
112 4 48 3 90
112 27 46 3 90
112 27 49 3 90
112 27 55 3 90
113 4 35 1 90
113 4 40 1 90
113 4 48 1 90
113 27 47 3 90
113 35 36 2 90
113 36 40 2 90
113 36 48 2 90
114 4 35 1 90
114 4 40 1 90
114 4 48 1 90
114 27 53 3 90
114 35 36 2 90
114 36 40 2 90
114 36 48 2 90
115 35 36 3 90
115 36 40 3 90
115 36 48 3 90
116 0 16 1 90
116 0 46 2 90
116 0 49 1 90
116 0 55 1 90
116 6 16 1 90
116 6 46 1 90
116 6 49 2 90
116 6 55 1 90
116 12 16 1 90
116 12 50 3 90
116 12 56 1 90
116 15 15 6 90
116 16 19 1 90
116 16 25 1 90
116 16 31 1 90
116 19 46 1 90
116 19 49 1 90
116 19 55 2 90
116 25 50 2 90
116 25 56 2 90
116 31 50 1 90
116 31 56 3 90
117 0 47 1 90
117 3 46 1 90
117 3 49 1 90
117 3 55 1 90
117 6 47 1 90
117 12 51 1 90
117 15 45 3 90
117 16 35 1 90
117 16 40 1 90
117 16 48 1 90
117 19 47 1 90
117 25 51 1 90
117 28 54 3 90
117 31 51 1 90
117 44 50 2 90
117 44 56 1 90
117 50 52 1 90
117 52 56 2 90
118 3 47 2 90
118 4 16 1 90
118 15 15 2 90
118 15 50 1 90
118 15 56 1 90
118 16 27 1 90
118 16 53 2 90
118 28 50 1 90
118 28 56 1 90
118 44 51 2 90
118 45 45 4 90
118 50 54 2 90
118 51 52 2 90
118 54 56 2 90
119 3 47 2 90
119 15 45 1 90
119 16 36 1 90
119 28 51 1 90
119 28 54 1 90
119 44 51 2 90
119 45 45 4 90
119 45 50 1 90
119 45 56 1 90
119 51 52 2 90
119 51 54 2 90
119 54 54 4 90
120 0 53 1 90
120 6 53 1 90
120 12 54 1 90
120 15 45 3 90
120 15 51 3 90
120 16 46 2 90
120 16 49 2 90
120 16 55 2 90
120 19 53 1 90
120 25 54 1 90
120 31 54 1 90
120 50 50 4 90
120 50 56 2 90
120 56 56 4 90
121 3 53 1 90
121 15 45 1 90
121 15 51 1 90
121 16 47 2 90
121 28 54 1 90
121 44 54 1 90
121 45 45 4 90
121 45 51 2 90
121 50 51 2 90
121 51 56 2 90
121 52 54 1 90
121 54 54 4 90
122 15 45 1 90
122 15 51 1 90
122 15 54 1 90
122 16 53 3 90
122 45 45 4 90
122 45 51 2 90
122 50 54 3 90
122 51 51 4 90
122 54 56 3 90
123 45 45 6 90
123 45 51 3 90
123 45 54 1 90
123 51 51 4 90
123 51 54 3 90
123 54 54 6 90
124 0 27 1 90
124 4 4 6 90
124 6 27 1 90
124 12 27 1 90
124 19 27 1 90
124 25 27 1 90
124 27 31 1 90
124 46 46 4 90
124 46 49 2 90
124 46 55 2 90
124 49 49 4 90
124 49 55 2 90
124 55 55 4 90
125 4 36 3 90
125 27 35 1 90
125 27 40 1 90
125 27 48 1 90
125 46 47 2 90
125 47 49 2 90
125 47 55 2 90
126 4 4 2 90
126 4 27 1 90
126 27 27 2 90
126 36 36 4 90
126 47 47 4 90
126 53 53 4 90
127 4 36 1 90
127 27 36 1 90
127 36 36 4 90
127 47 47 4 90
128 4 36 3 90
128 27 46 1 90
128 27 49 1 90
128 27 55 1 90
128 46 53 2 90
128 49 53 2 90
128 53 55 2 90
129 4 36 1 90
129 27 47 1 90
129 36 36 4 90
129 47 53 2 90
130 4 36 1 90
130 27 53 1 90
130 36 36 4 90
130 53 53 4 90
131 36 36 6 90
132 0 46 3 90
132 0 49 1 90
132 0 55 1 90
132 6 46 2 90
132 6 49 2 90
132 6 55 1 90
132 12 46 1 90
132 12 49 3 90
132 12 55 1 90
132 19 46 2 90
132 19 49 1 90
132 19 55 2 90
132 25 46 1 90
132 25 49 2 90
132 25 55 2 90
132 31 46 1 90
132 31 49 1 90
132 31 55 3 90
133 0 47 1 90
133 6 47 1 90
133 12 47 1 90
133 19 47 1 90
133 25 47 1 90
133 31 47 1 90
133 35 46 2 90
133 35 49 1 90
133 35 55 1 90
133 40 46 1 90
133 40 49 2 90
133 40 55 1 90
133 46 48 1 90
133 48 49 1 90
133 48 55 2 90
134 4 46 1 90
134 4 49 1 90
134 4 55 1 90
134 27 53 3 90
134 35 47 2 90
134 40 47 2 90
134 47 48 2 90
135 35 47 2 90
135 36 46 1 90
135 36 49 1 90
135 36 55 1 90
135 40 47 2 90
135 47 48 2 90
136 4 47 3 90
136 27 46 1 90
136 27 49 1 90
136 27 55 1 90
136 46 53 2 90
136 49 53 2 90
136 53 55 2 90
137 4 47 1 90
137 27 47 1 90
137 36 47 2 90
137 47 53 2 90
138 4 47 1 90
138 27 53 1 90
138 36 47 2 90
138 53 53 4 90
139 36 47 3 90
140 0 53 1 90
140 6 53 1 90
140 12 53 1 90
140 19 53 1 90
140 25 53 1 90
140 31 53 1 90
140 46 46 4 90
140 46 49 2 90
140 46 55 2 90
140 49 49 4 90
140 49 55 2 90
140 55 55 4 90
141 35 53 1 90
141 40 53 1 90
141 46 47 2 90
141 47 49 2 90
141 47 55 2 90
141 48 53 1 90
142 4 53 1 90
142 27 53 1 90
142 47 47 4 90
142 53 53 4 90
143 36 53 1 90
143 47 47 4 90
144 46 53 3 90
144 49 53 3 90
144 53 55 3 90
145 47 53 3 90
146 53 53 6 90
2
1 25 25 6 90
2 14 25 3 90
3 18 25 3 90
3 24 25 3 90
4 15 25 3 90
4 20 25 3 90
5 16 25 3 90
5 19 25 3 90
5 23 25 3 90
6 0 25 1 90
6 14 14 4 90
7 14 14 4 90
7 25 25 4 90
7 25 26 1 90
7 25 49 1 90
8 5 25 1 90
8 13 25 1 90
8 14 18 2 90
8 14 24 2 90
9 9 25 1 90
9 17 25 1 90
9 18 18 4 90
9 18 24 2 90
9 22 25 1 90
9 24 24 4 90
10 1 25 1 90
10 7 25 1 90
10 14 15 2 90
10 14 20 2 90
11 3 25 1 90
11 6 25 1 90
11 12 25 1 90
11 14 16 2 90
11 14 19 2 90
11 14 23 2 90
12 15 18 2 90
12 15 24 2 90
12 18 20 2 90
12 20 24 2 90
12 25 29 1 90
12 25 36 1 90
12 25 39 1 90
12 25 46 1 90
13 16 18 2 90
13 16 24 2 90
13 18 19 2 90
13 19 24 2 90
13 21 25 1 90
13 23 23 4 90
13 25 31 1 90
13 25 34 1 90
13 25 41 1 90
13 25 44 1 90
14 2 25 1 90
14 8 25 1 90
14 11 25 1 90
14 15 15 4 90
14 15 20 2 90
14 20 20 4 90
15 10 25 1 90
15 15 16 2 90
15 16 20 2 90
15 18 23 2 90
15 19 19 4 90
15 23 24 2 90
15 25 27 1 90
15 25 33 1 90
15 25 42 1 90
15 25 48 1 90
16 4 25 1 90
16 15 19 2 90
16 15 23 2 90
16 16 16 4 90
16 19 20 2 90
16 20 23 2 90
16 25 30 1 90
16 25 37 1 90
16 25 38 1 90
16 25 45 1 90
17 16 16 4 90
17 16 19 2 90
17 16 23 2 90
17 19 19 4 90
17 19 23 2 90
17 23 23 4 90
17 25 28 1 90
17 25 32 1 90
17 25 35 1 90
17 25 40 1 90
17 25 43 1 90
17 25 47 1 90
18 0 14 3 90
19 0 14 2 90
19 14 26 1 90
19 25 25 4 90
19 25 49 1 90
20 0 14 2 90
20 14 25 2 90
20 14 26 1 90
20 14 49 1 90
21 0 14 1 90
21 14 26 2 90
21 18 25 2 90
21 18 49 1 90
21 24 25 2 90
21 24 49 1 90
22 0 14 1 90
22 14 26 2 90
22 15 25 2 90
22 15 49 1 90
22 20 25 2 90
22 20 49 1 90
23 14 26 3 90
23 16 25 2 90
23 16 49 1 90
23 19 25 2 90
23 19 49 1 90
23 23 25 2 90
23 23 49 1 90
24 0 18 1 90
24 0 24 1 90
24 5 14 2 90
24 13 14 2 90
25 5 14 2 90
25 13 14 2 90
25 18 26 1 90
25 24 26 1 90
25 25 25 2 90
25 25 49 2 90
26 5 18 2 90
26 5 24 1 90
26 9 14 1 90
26 13 18 1 90
26 13 24 2 90
26 14 17 1 90
26 14 22 1 90
27 9 18 3 90
27 9 24 1 90
27 17 18 2 90
27 17 24 2 90
27 18 22 1 90
27 22 24 3 90
28 0 15 1 90
28 0 20 1 90
28 1 14 2 90
28 7 14 2 90
29 1 14 2 90
29 7 14 2 90
29 15 26 1 90
29 20 26 1 90
29 25 25 2 90
29 25 49 2 90
30 0 16 1 90
30 0 19 1 90
30 0 23 1 90
30 3 14 2 90
30 6 14 2 90
30 12 14 2 90
31 3 14 2 90
31 6 14 2 90
31 12 14 2 90
31 16 26 1 90
31 19 26 1 90
31 23 26 1 90
31 25 49 3 90
32 1 18 1 90
32 1 24 1 90
32 5 15 1 90
32 5 20 1 90
32 7 18 1 90
32 7 24 1 90
32 13 15 1 90
32 13 20 1 90
32 14 29 1 90
32 14 36 1 90
32 14 39 1 90
32 14 46 1 90
33 3 18 1 90
33 3 24 1 90
33 5 16 1 90
33 5 19 1 90
33 6 18 1 90
33 6 24 1 90
33 12 23 2 90
33 13 16 1 90
33 13 19 1 90
33 14 21 1 90
33 14 31 1 90
33 14 34 1 90
33 14 41 1 90
33 14 44 1 90
34 9 15 1 90
34 9 20 1 90
34 15 17 1 90
34 15 22 1 90
34 17 20 1 90
34 18 29 2 90
34 18 36 2 90
34 18 39 1 90
34 18 46 1 90
34 20 22 1 90
34 24 29 1 90
34 24 36 1 90
34 24 39 2 90
34 24 46 2 90
35 9 16 1 90
35 9 19 1 90
35 16 17 1 90
35 16 22 1 90
35 17 19 1 90
35 18 31 2 90
35 18 34 2 90
35 18 41 1 90
35 18 44 1 90
35 19 22 1 90
35 21 23 3 90
35 24 31 1 90
35 24 34 1 90
35 24 41 2 90
35 24 44 2 90
36 1 15 2 90
36 1 20 1 90
36 2 14 1 90
36 7 15 1 90
36 7 20 2 90
36 8 14 1 90
36 11 14 1 90
37 1 16 1 90
37 3 15 1 90
37 3 20 1 90
37 5 23 1 90
37 6 19 2 90
37 7 16 1 90
37 10 14 1 90
37 12 18 1 90
37 12 24 1 90
37 13 23 1 90
37 14 27 1 90
37 14 33 1 90
37 14 42 1 90
37 14 48 1 90
38 1 19 1 90
38 1 23 1 90
38 3 16 2 90
38 4 14 1 90
38 6 15 1 90
38 6 20 1 90
38 7 19 1 90
38 7 23 1 90
38 12 15 1 90
38 12 20 1 90
38 14 30 1 90
38 14 37 1 90
38 14 38 1 90
38 14 45 1 90
39 3 16 2 90
39 3 19 1 90
39 3 23 1 90
39 6 16 1 90
39 6 19 2 90
39 6 23 1 90
39 12 16 1 90
39 12 19 1 90
39 12 23 2 90
39 14 28 1 90
39 14 32 1 90
39 14 35 1 90
39 14 40 1 90
39 14 43 1 90
39 14 47 1 90
40 2 18 1 90
40 2 24 1 90
40 8 18 1 90
40 8 24 1 90
40 11 18 1 90
40 11 24 1 90
40 15 29 2 90
40 15 36 1 90
40 15 39 2 90
40 15 46 1 90
40 20 29 1 90
40 20 36 2 90
40 20 39 1 90
40 20 46 2 90
41 10 18 1 90
41 10 24 1 90
41 15 31 1 90
41 15 41 1 90
41 16 29 1 90
41 16 36 1 90
41 16 39 1 90
41 16 46 1 90
41 18 21 1 90
41 18 27 1 90
41 18 33 1 90
41 19 34 2 90
41 19 44 2 90
41 20 31 1 90
41 20 41 1 90
41 21 24 1 90
41 23 42 2 90
41 23 48 2 90
41 24 27 1 90
41 24 33 1 90
42 4 18 1 90
42 4 24 1 90
42 15 21 1 90
42 15 34 1 90
42 15 44 1 90
42 16 31 2 90
42 16 41 2 90
42 18 30 1 90
42 18 37 1 90
42 19 29 1 90
42 19 36 1 90
42 19 39 1 90
42 19 46 1 90
42 20 21 1 90
42 20 34 1 90
42 20 44 1 90
42 23 38 2 90
42 23 45 2 90
42 24 30 1 90
42 24 37 1 90
43 16 21 1 90
43 16 31 2 90
43 16 34 1 90
43 16 41 2 90
43 16 44 1 90
43 18 28 1 90
43 18 32 1 90
43 18 35 1 90
43 19 21 1 90
43 19 31 1 90
43 19 34 2 90
43 19 41 1 90
43 19 44 2 90
43 21 23 1 90
43 23 40 2 90
43 23 43 2 90
43 23 47 2 90
43 24 28 1 90
43 24 32 1 90
43 24 35 1 90
44 2 15 3 90
44 2 20 1 90
44 8 15 2 90
44 8 20 2 90
44 11 15 1 90
44 11 20 3 90
45 2 16 1 90
45 8 16 1 90
45 9 23 1 90
45 10 19 3 90
45 11 16 1 90
45 15 27 2 90
45 15 33 1 90
45 17 23 1 90
45 18 42 2 90
45 18 48 1 90
45 20 27 1 90
45 20 33 2 90
45 22 23 1 90
45 24 42 1 90
45 24 48 2 90
46 4 15 1 90
46 4 20 1 90
46 10 15 1 90
46 10 20 1 90
46 15 42 1 90
46 15 48 1 90
46 16 27 2 90
46 16 33 2 90
46 18 38 1 90
46 18 45 1 90
46 19 30 2 90
46 19 37 2 90
46 20 42 1 90
46 20 48 1 90
46 23 29 1 90
46 23 36 1 90
46 23 39 1 90
46 23 46 1 90
46 24 38 1 90
46 24 45 1 90
47 10 16 1 90
47 10 19 1 90
47 15 28 1 90
47 16 27 2 90
47 16 33 2 90
47 16 42 1 90
47 16 48 1 90
47 18 40 1 90
47 18 43 1 90
47 19 32 2 90
47 19 35 2 90
47 19 42 1 90
47 19 48 1 90
47 20 28 1 90
47 21 23 1 90
47 23 31 1 90
47 23 34 1 90
47 23 41 1 90
47 23 44 1 90
47 23 47 2 90
47 24 40 1 90
47 24 43 1 90
48 2 19 1 90
48 2 23 1 90
48 4 16 3 90
48 8 19 1 90
48 8 23 1 90
48 11 19 1 90
48 11 23 1 90
48 15 30 2 90
48 15 37 1 90
48 15 38 2 90
48 15 45 1 90
48 20 30 1 90
48 20 37 2 90
48 20 38 1 90
48 20 45 2 90
49 4 16 1 90
49 10 19 1 90
49 10 23 1 90
49 15 32 1 90
49 15 40 1 90
49 16 28 2 90
49 16 30 1 90
49 16 37 1 90
49 16 38 1 90
49 16 45 1 90
49 18 47 1 90
49 19 27 1 90
49 19 33 1 90
49 19 35 2 90
49 19 43 2 90
49 20 32 1 90
49 20 40 1 90
49 23 27 1 90
49 23 33 1 90
49 23 42 2 90
49 23 48 2 90
49 24 47 1 90
50 4 16 1 90
50 4 19 1 90
50 4 23 1 90
50 15 35 1 90
50 15 43 1 90
50 15 47 1 90
50 16 28 2 90
50 16 32 2 90
50 16 40 2 90
50 19 30 2 90
50 19 37 2 90
50 19 38 1 90
50 19 45 1 90
50 20 35 1 90
50 20 43 1 90
50 20 47 1 90
50 23 30 1 90
50 23 37 1 90
50 23 38 2 90
50 23 45 2 90
51 16 28 3 90
51 16 32 2 90
51 16 35 1 90
51 16 40 2 90
51 16 43 1 90
51 16 47 1 90
51 19 28 1 90
51 19 32 2 90
51 19 35 3 90
51 19 40 1 90
51 19 43 2 90
51 19 47 1 90
51 23 28 1 90
51 23 32 1 90
51 23 35 1 90
51 23 40 2 90
51 23 43 2 90
51 23 47 3 90
52 0 0 6 90
53 0 0 4 90
53 0 26 1 90
53 25 25 4 90
53 25 49 1 90
54 0 0 4 90
54 0 26 1 90
54 14 25 2 90
54 14 49 1 90
55 0 0 2 90
55 0 26 2 90
55 18 25 2 90
55 18 49 1 90
55 24 25 2 90
55 24 49 1 90
56 0 0 2 90
56 0 26 2 90
56 15 25 2 90
56 15 49 1 90
56 20 25 2 90
56 20 49 1 90
57 0 26 3 90
57 16 25 2 90
57 16 49 1 90
57 19 25 2 90
57 19 49 1 90
57 23 25 2 90
57 23 49 1 90
58 0 0 4 90
58 0 26 1 90
58 0 49 1 90
58 14 14 4 90
59 0 0 4 90
59 14 14 4 90
59 25 25 4 90
59 26 26 2 90
59 26 49 1 90
59 49 49 2 90
60 0 0 2 90
60 0 26 2 90
60 5 49 1 90
60 13 49 1 90
60 14 18 2 90
60 14 24 2 90
61 0 26 3 90
61 9 49 1 90
61 17 49 1 90
61 18 18 4 90
61 18 24 2 90
61 22 49 1 90
61 24 24 4 90
62 0 0 2 90
62 0 26 2 90
62 1 49 1 90
62 7 49 1 90
62 14 15 2 90
62 14 20 2 90
63 0 26 3 90
63 3 49 1 90
63 6 49 1 90
63 12 49 1 90
63 14 16 2 90
63 14 19 2 90
63 14 23 2 90
64 0 0 2 90
64 15 18 2 90
64 15 24 2 90
64 18 20 2 90
64 20 24 2 90
64 26 26 4 90
64 29 49 1 90
64 36 49 1 90
64 39 49 1 90
64 46 49 1 90
65 0 26 1 90
65 16 18 2 90
65 16 24 2 90
65 18 19 2 90
65 19 24 2 90
65 21 49 1 90
65 23 23 4 90
65 26 26 4 90
65 31 49 1 90
65 34 49 1 90
65 41 49 1 90
65 44 49 1 90
66 0 26 3 90
66 2 49 1 90
66 8 49 1 90
66 11 49 1 90
66 15 15 4 90
66 15 20 2 90
66 20 20 4 90
67 0 26 1 90
67 10 49 1 90
67 15 16 2 90
67 16 20 2 90
67 18 23 2 90
67 19 19 4 90
67 23 24 2 90
67 26 26 4 90
67 27 49 1 90
67 33 49 1 90
67 42 49 1 90
67 48 49 1 90
68 0 26 1 90
68 4 49 1 90
68 15 19 2 90
68 15 23 2 90
68 16 16 4 90
68 19 20 2 90
68 20 23 2 90
68 26 26 4 90
68 30 49 1 90
68 37 49 1 90
68 38 49 1 90
68 45 49 1 90
69 16 16 4 90
69 16 19 2 90
69 16 23 2 90
69 19 19 4 90
69 19 23 2 90
69 23 23 4 90
69 26 26 6 90
69 28 49 1 90
69 32 49 1 90
69 35 49 1 90
69 40 49 1 90
69 43 49 1 90
69 47 49 1 90
70 0 5 3 90
70 0 13 3 90
71 0 5 2 90
71 0 13 2 90
71 5 26 1 90
71 13 26 1 90
71 25 25 2 90
71 25 49 2 90
72 0 5 2 90
72 0 13 2 90
72 5 26 1 90
72 13 26 1 90
72 14 25 1 90
72 14 49 2 90
73 0 5 1 90
73 0 13 1 90
73 5 26 2 90
73 13 26 2 90
73 18 25 1 90
73 18 49 2 90
73 24 25 1 90
73 24 49 2 90
74 0 5 1 90
74 0 13 1 90
74 5 26 2 90
74 13 26 2 90
74 15 25 1 90
74 15 49 2 90
74 20 25 1 90
74 20 49 2 90
75 5 26 3 90
75 13 26 3 90
75 16 25 1 90
75 16 49 2 90
75 19 25 1 90
75 19 49 2 90
75 23 25 1 90
75 23 49 2 90
76 0 9 1 90
76 0 17 1 90
76 0 22 1 90
76 5 5 4 90
76 5 13 2 90
76 13 13 4 90
77 5 5 4 90
77 5 13 2 90
77 9 26 1 90
77 13 13 4 90
77 17 26 1 90
77 22 26 1 90
77 25 49 3 90
78 5 9 3 90
78 5 17 2 90
78 5 22 1 90
78 9 13 1 90
78 13 17 2 90
78 13 22 3 90
79 9 9 6 90
79 9 17 3 90
79 9 22 1 90
79 17 17 4 90
79 17 22 3 90
79 22 22 6 90
80 0 1 3 90
80 0 7 3 90
81 0 1 2 90
81 0 7 2 90
81 1 26 1 90
81 7 26 1 90
81 25 25 2 90
81 25 49 2 90
82 0 1 2 90
82 0 7 2 90
82 1 26 1 90
82 7 26 1 90
82 14 25 1 90
82 14 49 2 90
83 0 1 1 90
83 0 7 1 90
83 1 26 2 90
83 7 26 2 90
83 18 25 1 90
83 18 49 2 90
83 24 25 1 90
83 24 49 2 90
84 0 1 1 90
84 0 7 1 90
84 1 26 2 90
84 7 26 2 90
84 15 25 1 90
84 15 49 2 90
84 20 25 1 90
84 20 49 2 90
85 1 26 3 90
85 7 26 3 90
85 16 25 1 90
85 16 49 2 90
85 19 25 1 90
85 19 49 2 90
85 23 25 1 90
85 23 49 2 90
86 0 3 3 90
86 0 6 3 90
86 0 12 3 90
87 0 3 2 90
87 0 6 2 90
87 0 12 2 90
87 3 26 1 90
87 6 26 1 90
87 12 26 1 90
87 25 49 3 90
88 0 3 2 90
88 0 6 2 90
88 0 12 2 90
88 3 26 1 90
88 6 26 1 90
88 12 26 1 90
88 14 49 3 90
89 0 3 1 90
89 0 6 1 90
89 0 12 1 90
89 3 26 2 90
89 6 26 2 90
89 12 26 2 90
89 18 49 3 90
89 24 49 3 90
90 0 3 1 90
90 0 6 1 90
90 0 12 1 90
90 3 26 2 90
90 6 26 2 90
90 12 26 2 90
90 15 49 3 90
90 20 49 3 90
91 3 26 3 90
91 6 26 3 90
91 12 26 3 90
91 16 49 3 90
91 19 49 3 90
91 23 49 3 90
92 0 29 1 90
92 0 36 1 90
92 0 39 1 90
92 0 46 1 90
92 1 5 2 90
92 1 13 2 90
92 5 7 2 90
92 7 13 2 90
93 1 5 2 90
93 1 13 2 90
93 5 7 2 90
93 7 13 2 90
93 25 25 2 90
93 26 29 1 90
93 26 36 1 90
93 26 39 1 90
93 26 46 1 90
93 49 49 4 90
94 0 21 1 90
94 0 31 1 90
94 0 34 1 90
94 0 41 1 90
94 0 44 1 90
94 3 5 2 90
94 3 13 2 90
94 5 6 2 90
94 6 13 2 90
94 12 12 4 90
95 3 5 2 90
95 3 13 2 90
95 5 6 2 90
95 6 13 2 90
95 12 12 4 90
95 21 26 1 90
95 25 49 1 90
95 26 31 1 90
95 26 34 1 90
95 26 41 1 90
95 26 44 1 90
95 49 49 4 90
96 1 9 1 90
96 1 17 1 90
96 1 22 1 90
96 5 29 2 90
96 5 36 2 90
96 5 39 1 90
96 5 46 1 90
96 7 9 1 90
96 7 17 1 90
96 7 22 1 90
96 13 29 1 90
96 13 36 1 90
96 13 39 2 90
96 13 46 2 90
97 3 9 1 90
97 3 17 1 90
97 3 22 1 90
97 5 31 2 90
97 5 34 2 90
97 5 41 1 90
97 5 44 1 90
97 6 9 1 90
97 6 17 1 90
97 6 22 1 90
97 12 21 3 90
97 13 31 1 90
97 13 34 1 90
97 13 41 2 90
97 13 44 2 90
98 9 29 3 90
98 9 36 3 90
98 9 39 1 90
98 9 46 1 90
98 17 29 2 90
98 17 36 2 90
98 17 39 2 90
98 17 46 2 90
98 22 29 1 90
98 22 36 1 90
98 22 39 3 90
98 22 46 3 90
99 9 31 3 90
99 9 34 3 90
99 9 41 1 90
99 9 44 1 90
99 17 31 2 90
99 17 34 2 90
99 17 41 2 90
99 17 44 2 90
99 21 21 6 90
99 22 31 1 90
99 22 34 1 90
99 22 41 3 90
99 22 44 3 90
100 0 2 1 90
100 0 8 1 90
100 0 11 1 90
100 1 1 4 90
100 1 7 2 90
100 7 7 4 90
101 1 1 4 90
101 1 7 2 90
101 2 26 1 90
101 7 7 4 90
101 8 26 1 90
101 11 26 1 90
101 25 49 3 90
102 0 10 1 90
102 0 27 1 90
102 0 33 1 90
102 0 42 1 90
102 0 48 1 90
102 1 3 2 90
102 3 7 2 90
102 5 12 2 90
102 6 6 4 90
102 12 13 2 90
103 1 3 2 90
103 3 7 2 90
103 5 12 2 90
103 6 6 4 90
103 10 26 1 90
103 12 13 2 90
103 25 49 1 90
103 26 27 1 90
103 26 33 1 90
103 26 42 1 90
103 26 48 1 90
103 49 49 4 90
104 0 4 1 90
104 0 30 1 90
104 0 37 1 90
104 0 38 1 90
104 0 45 1 90
104 1 6 2 90
104 1 12 2 90
104 3 3 4 90
104 6 7 2 90
104 7 12 2 90
105 1 6 2 90
105 1 12 2 90
105 3 3 4 90
105 4 26 1 90
105 6 7 2 90
105 7 12 2 90
105 25 49 1 90
105 26 30 1 90
105 26 37 1 90
105 26 38 1 90
105 26 45 1 90
105 49 49 4 90
106 0 28 1 90
106 0 32 1 90
106 0 35 1 90
106 0 40 1 90
106 0 43 1 90
106 0 47 1 90
106 3 3 4 90
106 3 6 2 90
106 3 12 2 90
106 6 6 4 90
106 6 12 2 90
106 12 12 4 90
107 3 3 4 90
107 3 6 2 90
107 3 12 2 90
107 6 6 4 90
107 6 12 2 90
107 12 12 4 90
107 26 28 1 90
107 26 32 1 90
107 26 35 1 90
107 26 40 1 90
107 26 43 1 90
107 26 47 1 90
107 49 49 6 90
108 1 29 2 90
108 1 36 1 90
108 1 39 2 90
108 1 46 1 90
108 2 5 1 90
108 2 13 1 90
108 5 8 1 90
108 5 11 1 90
108 7 29 1 90
108 7 36 2 90
108 7 39 1 90
108 7 46 2 90
108 8 13 1 90
108 11 13 1 90
109 1 31 1 90
109 1 41 1 90
109 3 29 1 90
109 3 36 1 90
109 3 39 1 90
109 3 46 1 90
109 5 10 1 90
109 5 21 1 90
109 5 27 1 90
109 5 33 1 90
109 6 34 2 90
109 6 44 2 90
109 7 31 1 90
109 7 41 1 90
109 10 13 1 90
109 12 42 2 90
109 12 48 2 90
109 13 21 1 90
109 13 27 1 90
109 13 33 1 90
110 1 21 1 90
110 1 34 1 90
110 1 44 1 90
110 3 31 2 90
110 3 41 2 90
110 4 5 1 90
110 4 13 1 90
110 5 30 1 90
110 5 37 1 90
110 6 29 1 90
110 6 36 1 90
110 6 39 1 90
110 6 46 1 90
110 7 21 1 90
110 7 34 1 90
110 7 44 1 90
110 12 38 2 90
110 12 45 2 90
110 13 30 1 90
110 13 37 1 90
111 3 21 1 90
111 3 31 2 90
111 3 34 1 90
111 3 41 2 90
111 3 44 1 90
111 5 28 1 90
111 5 32 1 90
111 5 35 1 90
111 6 21 1 90
111 6 31 1 90
111 6 34 2 90
111 6 41 1 90
111 6 44 2 90
111 12 21 1 90
111 12 40 2 90
111 12 43 2 90
111 12 47 2 90
111 13 28 1 90
111 13 32 1 90
111 13 35 1 90
112 2 9 1 90
112 2 17 1 90
112 2 22 1 90
112 8 9 1 90
112 8 17 1 90
112 8 22 1 90
112 9 11 1 90
112 11 17 1 90
112 11 22 1 90
112 29 29 4 90
112 29 36 2 90
112 29 39 2 90
112 29 46 1 90
112 36 36 4 90
112 36 39 1 90
112 36 46 2 90
112 39 39 4 90
112 39 46 2 90
112 46 46 4 90
113 9 10 1 90
113 9 27 1 90
113 9 33 1 90
113 10 17 1 90
113 10 22 1 90
113 17 27 1 90
113 17 33 1 90
113 21 42 3 90
113 21 48 3 90
113 22 27 1 90
113 22 33 1 90
113 29 31 2 90
113 29 41 1 90
113 31 36 2 90
113 31 39 1 90
113 31 46 1 90
113 34 34 4 90
113 34 44 2 90
113 36 41 1 90
113 39 41 2 90
113 41 46 2 90
113 44 44 4 90
114 4 9 1 90
114 4 17 1 90
114 4 22 1 90
114 9 30 1 90
114 9 37 1 90
114 17 30 1 90
114 17 37 1 90
114 21 38 3 90
114 21 45 3 90
114 22 30 1 90
114 22 37 1 90
114 29 34 2 90
114 29 44 1 90
114 31 31 4 90
114 31 41 2 90
114 34 36 2 90
114 34 39 1 90
114 34 46 1 90
114 36 44 1 90
114 39 44 2 90
114 41 41 4 90
114 44 46 2 90
115 9 28 1 90
115 9 32 1 90
115 9 35 1 90
115 17 28 1 90
115 17 32 1 90
115 17 35 1 90
115 21 40 3 90
115 21 43 3 90
115 21 47 3 90
115 22 28 1 90
115 22 32 1 90
115 22 35 1 90
115 31 31 4 90
115 31 34 2 90
115 31 41 2 90
115 31 44 1 90
115 34 34 4 90
115 34 41 1 90
115 34 44 2 90
115 41 41 4 90
115 41 44 2 90
115 44 44 4 90
116 1 2 3 90
116 1 8 2 90
116 1 11 1 90
116 2 7 1 90
116 7 8 2 90
116 7 11 3 90
117 1 27 2 90
117 1 33 1 90
117 2 3 1 90
117 3 8 1 90
117 3 11 1 90
117 5 42 2 90
117 5 48 1 90
117 6 10 3 90
117 7 27 1 90
117 7 33 2 90
117 9 12 1 90
117 12 17 1 90
117 12 22 1 90
117 13 42 1 90
117 13 48 2 90
118 1 4 1 90
118 1 10 1 90
118 1 42 1 90
118 1 48 1 90
118 3 27 2 90
118 3 33 2 90
118 4 7 1 90
118 5 38 1 90
118 5 45 1 90
118 6 30 2 90
118 6 37 2 90
118 7 10 1 90
118 7 42 1 90
118 7 48 1 90
118 12 29 1 90
118 12 36 1 90
118 12 39 1 90
118 12 46 1 90
118 13 38 1 90
118 13 45 1 90
119 1 28 1 90
119 3 10 1 90
119 3 27 2 90
119 3 33 2 90
119 3 42 1 90
119 3 48 1 90
119 5 40 1 90
119 5 43 1 90
119 6 10 1 90
119 6 32 2 90
119 6 35 2 90
119 6 42 1 90
119 6 48 1 90
119 7 28 1 90
119 12 21 1 90
119 12 31 1 90
119 12 34 1 90
119 12 41 1 90
119 12 44 1 90
119 12 47 2 90
119 13 40 1 90
119 13 43 1 90
120 1 30 2 90
120 1 37 1 90
120 1 38 2 90
120 1 45 1 90
120 2 6 1 90
120 2 12 1 90
120 3 4 3 90
120 6 8 1 90
120 6 11 1 90
120 7 30 1 90
120 7 37 2 90
120 7 38 1 90
120 7 45 2 90
120 8 12 1 90
120 11 12 1 90
121 1 32 1 90
121 1 40 1 90
121 3 4 1 90
121 3 28 2 90
121 3 30 1 90
121 3 37 1 90
121 3 38 1 90
121 3 45 1 90
121 5 47 1 90
121 6 10 1 90
121 6 27 1 90
121 6 33 1 90
121 6 35 2 90
121 6 43 2 90
121 7 32 1 90
121 7 40 1 90
121 10 12 1 90
121 12 27 1 90
121 12 33 1 90
121 12 42 2 90
121 12 48 2 90
121 13 47 1 90
122 1 35 1 90
122 1 43 1 90
122 1 47 1 90
122 3 4 1 90
122 3 28 2 90
122 3 32 2 90
122 3 40 2 90
122 4 6 1 90
122 4 12 1 90
122 6 30 2 90
122 6 37 2 90
122 6 38 1 90
122 6 45 1 90
122 7 35 1 90
122 7 43 1 90
122 7 47 1 90
122 12 30 1 90
122 12 37 1 90
122 12 38 2 90
122 12 45 2 90
123 3 28 3 90
123 3 32 2 90
123 3 35 1 90
123 3 40 2 90
123 3 43 1 90
123 3 47 1 90
123 6 28 1 90
123 6 32 2 90
123 6 35 3 90
123 6 40 1 90
123 6 43 2 90
123 6 47 1 90
123 12 28 1 90
123 12 32 1 90
123 12 35 1 90
123 12 40 2 90
123 12 43 2 90
123 12 47 3 90
124 2 29 3 90
124 2 36 1 90
124 2 39 3 90
124 2 46 1 90
124 8 29 2 90
124 8 36 2 90
124 8 39 2 90
124 8 46 2 90
124 11 29 1 90
124 11 36 3 90
124 11 39 1 90
124 11 46 3 90
125 2 31 1 90
125 2 41 1 90
125 8 31 1 90
125 8 41 1 90
125 9 21 1 90
125 10 34 3 90
125 10 44 3 90
125 11 31 1 90
125 11 41 1 90
125 17 21 1 90
125 21 22 1 90
125 27 29 2 90
125 27 36 1 90
125 27 39 2 90
125 27 46 1 90
125 29 33 1 90
125 33 36 2 90
125 33 39 1 90
125 33 46 2 90
125 42 42 4 90
125 42 48 2 90
125 48 48 4 90
126 4 29 1 90
126 4 36 1 90
126 4 39 1 90
126 4 46 1 90
126 10 29 1 90
126 10 36 1 90
126 10 39 1 90
126 10 46 1 90
126 21 29 1 90
126 21 36 1 90
126 21 39 1 90
126 21 46 1 90
126 27 31 2 90
126 27 41 2 90
126 30 34 2 90
126 30 44 2 90
126 31 33 2 90
126 33 41 2 90
126 34 37 2 90
126 37 44 2 90
126 38 42 2 90
126 38 48 2 90
126 42 45 2 90
126 45 48 2 90
127 10 31 1 90
127 10 34 1 90
127 10 41 1 90
127 10 44 1 90
127 21 21 2 90
127 21 31 1 90
127 21 34 1 90
127 21 41 1 90
127 21 44 1 90
127 27 31 2 90
127 27 41 2 90
127 28 29 1 90
127 28 36 1 90
127 28 39 1 90
127 28 46 1 90
127 31 33 2 90
127 32 34 2 90
127 32 44 2 90
127 33 41 2 90
127 34 35 2 90
127 35 44 2 90
127 40 42 2 90
127 40 48 2 90
127 42 43 2 90
127 43 48 2 90
127 47 47 4 90
128 2 21 1 90
128 2 34 1 90
128 2 44 1 90
128 4 31 3 90
128 4 41 3 90
128 8 21 1 90
128 8 34 1 90
128 8 44 1 90
128 11 21 1 90
128 11 34 1 90
128 11 44 1 90
128 29 30 2 90
128 29 37 1 90
128 30 36 1 90
128 30 39 2 90
128 30 46 1 90
128 36 37 2 90
128 37 39 1 90
128 37 46 2 90
128 38 38 4 90
128 38 45 2 90
128 45 45 4 90
129 4 31 1 90
129 4 41 1 90
129 10 21 1 90
129 10 34 1 90
129 10 44 1 90
129 21 27 1 90
129 21 33 1 90
129 21 42 1 90
129 21 48 1 90
129 27 34 1 90
129 27 44 1 90
129 28 31 2 90
129 28 41 2 90
129 29 32 1 90
129 30 31 1 90
129 30 41 1 90
129 31 37 1 90
129 32 36 1 90
129 32 39 1 90
129 32 46 1 90
129 33 34 1 90
129 33 44 1 90
129 34 35 2 90
129 35 44 2 90
129 37 41 1 90
129 38 40 2 90
129 40 45 2 90
129 42 47 2 90
129 43 43 4 90
129 47 48 2 90
130 4 21 1 90
130 4 31 1 90
130 4 34 1 90
130 4 41 1 90
130 4 44 1 90
130 21 30 1 90
130 21 37 1 90
130 21 38 1 90
130 21 45 1 90
130 28 31 2 90
130 28 41 2 90
130 29 35 1 90
130 30 34 2 90
130 30 44 2 90
130 31 32 2 90
130 32 41 2 90
130 34 37 2 90
130 35 36 1 90
130 35 39 1 90
130 35 46 1 90
130 37 44 2 90
130 38 43 2 90
130 38 47 2 90
130 40 40 4 90
130 43 45 2 90
130 45 47 2 90
131 21 28 1 90
131 21 32 1 90
131 21 35 1 90
131 21 40 1 90
131 21 43 1 90
131 21 47 1 90
131 28 31 3 90
131 28 34 1 90
131 28 41 3 90
131 28 44 1 90
131 31 32 2 90
131 31 35 1 90
131 32 34 2 90
131 32 41 2 90
131 32 44 2 90
131 34 35 3 90
131 35 41 1 90
131 35 44 3 90
131 40 40 4 90
131 40 43 2 90
131 40 47 2 90
131 43 43 4 90
131 43 47 2 90
131 47 47 4 90
132 2 2 6 90
132 2 8 3 90
132 2 11 1 90
132 8 8 4 90
132 8 11 3 90
132 11 11 6 90
133 2 27 3 90
133 2 33 1 90
133 8 27 2 90
133 8 33 2 90
133 9 42 3 90
133 9 48 1 90
133 10 10 6 90
133 11 27 1 90
133 11 33 3 90
133 17 42 2 90
133 17 48 2 90
133 22 42 1 90
133 22 48 3 90
134 2 4 1 90
134 4 8 1 90
134 4 11 1 90
134 9 38 1 90
134 9 45 1 90
134 10 30 3 90
134 10 37 3 90
134 17 38 1 90
134 17 45 1 90
134 22 38 1 90
134 22 45 1 90
134 27 27 4 90
134 27 33 2 90
134 29 42 2 90
134 29 48 1 90
134 33 33 4 90
134 36 42 2 90
134 36 48 1 90
134 39 42 1 90
134 39 48 2 90
134 42 46 1 90
134 46 48 2 90
135 2 28 1 90
135 8 28 1 90
135 9 40 1 90
135 9 43 1 90
135 10 32 3 90
135 10 35 3 90
135 11 28 1 90
135 17 40 1 90
135 17 43 1 90
135 21 47 3 90
135 22 40 1 90
135 22 43 1 90
135 27 27 4 90
135 27 33 2 90
135 31 42 2 90
135 31 48 1 90
135 33 33 4 90
135 34 42 2 90
135 34 48 1 90
135 41 42 1 90
135 41 48 2 90
135 42 44 1 90
135 44 48 2 90
136 2 10 1 90
136 2 42 1 90
136 2 48 1 90
136 4 27 3 90
136 4 33 3 90
136 8 10 1 90
136 8 42 1 90
136 8 48 1 90
136 10 11 1 90
136 11 42 1 90
136 11 48 1 90
136 29 38 2 90
136 29 45 1 90
136 30 30 4 90
136 30 37 2 90
136 36 38 1 90
136 36 45 2 90
136 37 37 4 90
136 38 39 2 90
136 38 46 1 90
136 39 45 1 90
136 45 46 2 90
137 4 27 1 90
137 4 33 1 90
137 10 10 2 90
137 10 27 1 90
137 10 33 1 90
137 10 42 1 90
137 10 48 1 90
137 21 42 1 90
137 21 48 1 90
137 27 28 2 90
137 27 42 1 90
137 27 48 1 90
137 28 33 2 90
137 29 40 1 90
137 30 32 2 90
137 31 38 1 90
137 31 45 1 90
137 32 37 2 90
137 33 42 1 90
137 33 48 1 90
137 34 43 2 90
137 35 35 4 90
137 36 40 1 90
137 38 41 1 90
137 39 40 1 90
137 40 46 1 90
137 41 45 1 90
137 42 47 2 90
137 43 44 2 90
137 47 48 2 90
138 4 10 1 90
138 4 27 1 90
138 4 33 1 90
138 4 42 1 90
138 4 48 1 90
138 10 30 1 90
138 10 37 1 90
138 21 38 1 90
138 21 45 1 90
138 27 28 2 90
138 28 33 2 90
138 29 43 1 90
138 30 35 2 90
138 30 42 1 90
138 30 48 1 90
138 31 40 2 90
138 32 32 4 90
138 34 38 1 90
138 34 45 1 90
138 35 37 2 90
138 36 43 1 90
138 37 42 1 90
138 37 48 1 90
138 38 44 1 90
138 38 47 2 90
138 39 43 1 90
138 40 41 2 90
138 43 46 1 90
138 44 45 1 90
138 45 47 2 90
139 10 28 1 90
139 10 32 1 90
139 10 35 1 90
139 21 40 1 90
139 21 43 1 90
139 21 47 1 90
139 27 28 3 90
139 28 33 3 90
139 28 42 1 90
139 28 48 1 90
139 31 40 2 90
139 31 43 1 90
139 32 32 4 90
139 32 35 2 90
139 32 42 1 90
139 32 48 1 90
139 34 40 1 90
139 34 43 2 90
139 35 35 4 90
139 35 42 1 90
139 35 48 1 90
139 40 41 2 90
139 40 44 1 90
139 40 47 2 90
139 41 43 1 90
139 43 44 2 90
139 43 47 2 90
139 47 47 4 90
140 2 30 3 90
140 2 37 1 90
140 2 38 3 90
140 2 45 1 90
140 4 4 6 90
140 8 30 2 90
140 8 37 2 90
140 8 38 2 90
140 8 45 2 90
140 11 30 1 90
140 11 37 3 90
140 11 38 1 90
140 11 45 3 90
141 2 32 1 90
141 2 40 1 90
141 4 28 3 90
141 8 32 1 90
141 8 40 1 90
141 9 47 1 90
141 10 35 3 90
141 10 43 3 90
141 11 32 1 90
141 11 40 1 90
141 17 47 1 90
141 22 47 1 90
141 27 30 2 90
141 27 37 1 90
141 27 38 2 90
141 27 45 1 90
141 30 33 1 90
141 33 37 2 90
141 33 38 1 90
141 33 45 2 90
141 42 42 4 90
141 42 48 2 90
141 48 48 4 90
142 4 4 2 90
142 4 30 1 90
142 4 37 1 90
142 4 38 1 90
142 4 45 1 90
142 10 30 1 90
142 10 37 1 90
142 10 38 1 90
142 10 45 1 90
142 27 32 2 90
142 27 40 2 90
142 28 28 4 90
142 29 47 1 90
142 30 35 2 90
142 30 43 2 90
142 32 33 2 90
142 33 40 2 90
142 35 37 2 90
142 36 47 1 90
142 37 43 2 90
142 38 42 2 90
142 38 48 2 90
142 39 47 1 90
142 42 45 2 90
142 45 48 2 90
142 46 47 1 90
143 4 28 1 90
143 10 32 1 90
143 10 35 1 90
143 10 40 1 90
143 10 43 1 90
143 21 47 1 90
143 27 32 2 90
143 27 40 2 90
143 28 28 4 90
143 28 30 1 90
143 28 37 1 90
143 28 38 1 90
143 28 45 1 90
143 31 47 1 90
143 32 33 2 90
143 32 35 2 90
143 32 43 2 90
143 33 40 2 90
143 34 47 1 90
143 35 35 4 90
143 35 43 2 90
143 40 42 2 90
143 40 48 2 90
143 41 47 1 90
143 42 43 2 90
143 43 48 2 90
143 44 47 1 90
143 47 47 4 90
144 2 35 1 90
144 2 43 1 90
144 2 47 1 90
144 4 28 3 90
144 4 32 3 90
144 4 40 3 90
144 8 35 1 90
144 8 43 1 90
144 8 47 1 90
144 11 35 1 90
144 11 43 1 90
144 11 47 1 90
144 30 30 4 90
144 30 37 2 90
144 30 38 2 90
144 30 45 1 90
144 37 37 4 90
144 37 38 1 90
144 37 45 2 90
144 38 38 4 90
144 38 45 2 90
144 45 45 4 90
145 4 28 1 90
145 4 32 1 90
145 4 40 1 90
145 10 35 1 90
145 10 43 1 90
145 10 47 1 90
145 27 35 1 90
145 27 43 1 90
145 27 47 1 90
145 28 28 4 90
145 28 32 2 90
145 28 40 2 90
145 30 32 2 90
145 30 40 1 90
145 32 37 2 90
145 32 38 1 90
145 32 45 1 90
145 33 35 1 90
145 33 43 1 90
145 33 47 1 90
145 35 35 4 90
145 35 43 2 90
145 37 40 1 90
145 38 40 2 90
145 40 45 2 90
145 42 47 3 90
145 43 43 4 90
145 47 48 3 90
146 4 28 1 90
146 4 32 1 90
146 4 35 1 90
146 4 40 1 90
146 4 43 1 90
146 4 47 1 90
146 28 28 4 90
146 28 32 2 90
146 28 40 2 90
146 30 35 3 90
146 30 43 2 90
146 30 47 1 90
146 32 32 4 90
146 32 40 2 90
146 35 37 3 90
146 35 38 1 90
146 35 45 1 90
146 37 43 2 90
146 37 47 1 90
146 38 43 2 90
146 38 47 3 90
146 40 40 4 90
146 43 45 2 90
146 45 47 3 90
147 28 28 6 90
147 28 32 3 90
147 28 35 1 90
147 28 40 3 90
147 28 43 1 90
147 28 47 1 90
147 32 32 4 90
147 32 35 3 90
147 32 40 2 90
147 32 43 2 90
147 32 47 1 90
147 35 35 6 90
147 35 40 1 90
147 35 43 3 90
147 35 47 1 90
147 40 40 4 90
147 40 43 2 90
147 40 47 3 90
147 43 43 4 90
147 43 47 3 90
147 47 47 6 90
3
0 0 0 2 30
0 0 6 1 30
0 0 12 1 30
0 0 18 1 30
0 0 24 1 30
0 6 6 2 30
0 6 12 1 30
0 6 18 1 30
0 6 24 1 30
0 12 12 2 30
0 12 18 1 30
0 12 24 1 30
0 18 18 2 30
0 18 24 1 30
0 24 24 2 30
1 0 0 2 30
1 1 6 1 30
1 1 12 1 30
1 1 18 1 30
1 1 24 1 30
1 5 6 1 30
1 5 12 1 30
1 5 18 1 30
1 5 24 1 30
2 0 1 1 30
2 0 5 1 30
2 6 6 2 30
2 7 12 1 30
2 7 18 1 30
2 7 24 1 30
2 11 12 1 30
2 11 18 1 30
2 11 24 1 30
3 0 1 1 30
3 1 6 1 30
3 2 12 1 30
3 2 18 1 30
3 2 24 1 30
3 5 5 2 30
4 0 5 1 30
4 1 1 2 30
4 5 6 1 30
4 10 12 1 30
4 10 18 1 30
4 10 24 1 30
5 1 1 2 30
5 1 5 1 30
5 5 5 2 30
6 0 7 1 30
6 0 11 1 30
6 6 7 1 30
6 6 11 1 30
6 12 12 2 30
6 13 18 1 30
6 13 24 1 30
6 17 18 1 30
6 17 24 1 30
7 1 7 1 30
7 1 11 1 30
7 5 7 1 30
7 5 11 1 30
8 0 2 1 30
8 6 7 1 30
8 7 12 1 30
8 8 18 1 30
8 8 24 1 30
8 11 11 2 30
9 0 2 1 30
9 2 6 1 30
9 2 12 1 30
9 3 18 1 30
9 3 24 1 30
10 0 10 1 30
10 6 11 1 30
10 7 7 2 30
10 11 12 1 30
10 16 18 1 30
10 16 24 1 30
11 7 7 2 30
11 7 11 1 30
11 11 11 2 30
12 2 2 2 30
12 10 10 2 30
13 2 2 2 30
14 0 10 1 30
14 6 10 1 30
14 10 12 1 30
14 15 18 1 30
14 15 24 1 30
15 2 10 1 30
16 10 10 2 30
18 0 13 1 30
18 0 17 1 30
18 6 13 1 30
18 6 17 1 30
18 12 13 1 30
18 12 17 1 30
18 18 18 2 30
18 19 24 1 30
18 23 24 1 30
19 1 13 1 30
19 1 17 1 30
19 5 13 1 30
19 5 17 1 30
20 7 13 1 30
20 7 17 1 30
20 11 13 1 30
20 11 17 1 30
21 2 13 1 30
21 2 17 1 30
22 10 13 1 30
22 10 17 1 30
24 0 8 1 30
24 6 8 1 30
24 12 13 1 30
24 13 18 1 30
24 14 24 1 30
24 17 17 2 30
25 1 8 1 30
25 5 8 1 30
26 0 3 1 30
26 6 8 1 30
26 8 12 1 30
26 8 18 1 30
26 9 24 1 30
27 0 3 1 30
27 3 6 1 30
27 3 12 1 30
27 3 18 1 30
27 4 24 1 30
28 0 16 1 30
28 6 16 1 30
28 12 17 1 30
28 13 13 2 30
28 17 18 1 30
28 22 24 1 30
29 1 16 1 30
29 5 16 1 30
30 13 13 2 30
30 13 17 1 30
30 17 17 2 30
32 8 8 2 30
32 16 16 2 30
33 8 8 2 30
34 3 3 2 30
35 3 3 2 30
36 0 15 1 30
36 6 16 1 30
36 12 16 1 30
36 16 18 1 30
36 21 24 1 30
37 8 16 1 30
38 16 16 2 30
40 15 15 2 30
44 0 15 1 30
44 6 15 1 30
44 12 15 1 30
44 15 18 1 30
44 20 24 1 30
45 3 15 1 30
48 15 15 2 30
52 0 19 1 30
52 0 23 1 30
52 6 19 1 30
52 6 23 1 30
52 12 19 1 30
52 12 23 1 30
52 18 19 1 30
52 18 23 1 30
52 24 24 2 30
53 1 19 1 30
53 1 23 1 30
53 5 19 1 30
53 5 23 1 30
54 7 19 1 30
54 7 23 1 30
54 11 19 1 30
54 11 23 1 30
55 2 19 1 30
55 2 23 1 30
56 10 19 1 30
56 10 23 1 30
58 13 19 1 30
58 13 23 1 30
58 17 19 1 30
58 17 23 1 30
60 8 19 1 30
60 8 23 1 30
61 3 19 1 30
61 3 23 1 30
62 16 19 1 30
62 16 23 1 30
66 15 19 1 30
66 15 23 1 30
70 0 14 1 30
70 6 14 1 30
70 12 14 1 30
70 18 19 1 30
70 19 24 1 30
70 23 23 2 30
71 1 14 1 30
71 5 14 1 30
72 7 14 1 30
72 11 14 1 30
73 2 14 1 30
74 10 14 1 30
76 0 9 1 30
76 6 9 1 30
76 12 14 1 30
76 14 18 1 30
76 14 24 1 30
77 1 9 1 30
77 5 9 1 30
78 0 4 1 30
78 6 9 1 30
78 9 12 1 30
78 9 18 1 30
78 9 24 1 30
79 0 4 1 30
79 4 6 1 30
79 4 12 1 30
79 4 18 1 30
79 4 24 1 30
80 0 22 1 30
80 6 22 1 30
80 12 22 1 30
80 18 23 1 30
80 19 19 2 30
80 23 24 1 30
81 1 22 1 30
81 5 22 1 30
82 7 22 1 30
82 11 22 1 30
83 2 22 1 30
84 10 22 1 30
86 19 19 2 30
86 19 23 1 30
86 23 23 2 30
92 14 14 2 30
92 22 22 2 30
94 14 14 2 30
96 9 9 2 30
97 9 9 2 30
98 4 4 2 30
99 4 4 2 30
100 0 21 1 30
100 6 21 1 30
100 12 22 1 30
100 18 22 1 30
100 22 24 1 30
101 1 21 1 30
101 5 21 1 30
102 14 22 1 30
104 22 22 2 30
108 21 21 2 30
116 0 20 1 30
116 6 21 1 30
116 12 21 1 30
116 18 21 1 30
116 21 24 1 30
117 9 21 1 30
120 21 21 2 30
124 20 20 2 30
132 0 20 1 30
132 6 20 1 30
132 12 20 1 30
132 18 20 1 30
132 20 24 1 30
133 4 20 1 30
140 20 20 2 30
4
1 8 8 2 30
1 8 12 1 30
1 8 16 1 30
1 12 12 2 30
1 12 16 1 30
1 16 16 2 30
2 0 8 1 30
2 0 12 1 30
2 0 16 1 30
3 3 8 1 30
3 3 12 1 30
3 3 16 1 30
3 7 8 1 30
3 7 12 1 30
3 7 16 1 30
4 1 8 1 30
4 1 12 1 30
4 1 16 1 30
4 5 8 1 30
4 5 12 1 30
4 5 16 1 30
5 2 8 1 30
5 2 12 1 30
5 2 16 1 30
5 4 8 1 30
5 4 12 1 30
5 4 16 1 30
5 6 8 1 30
5 6 12 1 30
5 6 16 1 30
6 0 0 2 30
7 0 0 2 30
7 8 8 2 30
7 9 12 1 30
7 9 16 1 30
7 11 12 1 30
7 11 16 1 30
8 0 3 1 30
8 0 7 1 30
9 3 3 2 30
9 3 7 1 30
9 7 7 2 30
10 0 1 1 30
10 0 5 1 30
11 0 2 1 30
11 0 4 1 30
11 0 6 1 30
12 1 3 1 30
12 1 7 1 30
12 3 5 1 30
12 5 7 1 30
13 2 3 1 30
13 2 7 1 30
13 3 4 1 30
13 4 7 1 30
13 6 6 2 30
14 1 1 2 30
14 1 5 1 30
14 5 5 2 30
15 1 2 1 30
15 2 5 1 30
15 3 6 1 30
15 4 4 2 30
15 6 7 1 30
16 1 4 1 30
16 1 6 1 30
16 2 2 2 30
16 4 5 1 30
16 5 6 1 30
17 2 2 2 30
17 2 4 1 30
17 2 6 1 30
17 4 4 2 30
17 4 6 1 30
17 6 6 2 30
19 8 9 1 30
19 8 11 1 30
19 12 12 2 30
19 13 16 1 30
19 15 16 1 30
20 0 9 1 30
20 0 11 1 30
21 3 9 1 30
21 3 11 1 30
21 7 9 1 30
21 7 11 1 30
22 1 9 1 30
22 1 11 1 30
22 5 9 1 30
22 5 11 1 30
23 2 9 1 30
23 2 11 1 30
23 4 9 1 30
23 4 11 1 30
23 6 9 1 30
23 6 11 1 30
25 8 9 1 30
25 9 12 1 30
25 10 16 1 30
25 11 11 2 30
29 8 11 1 30
29 9 9 2 30
29 11 12 1 30
29 14 16 1 30
31 9 9 2 30
31 9 11 1 30
31 11 11 2 30
53 8 13 1 30
53 8 15 1 30
53 12 13 1 30
53 12 15 1 30
53 16 16 2 30
54 0 13 1 30
54 0 15 1 30
55 3 13 1 30
55 3 15 1 30
55 7 13 1 30
55 7 15 1 30
56 1 13 1 30
56 1 15 1 30
56 5 13 1 30
56 5 15 1 30
57 2 13 1 30
57 2 15 1 30
57 4 13 1 30
57 4 15 1 30
57 6 13 1 30
57 6 15 1 30
59 9 13 1 30
59 9 15 1 30
59 11 13 1 30
59 11 15 1 30
71 8 10 1 30
71 12 13 1 30
71 13 16 1 30
71 15 15 2 30
72 0 10 1 30
73 3 10 1 30
73 7 10 1 30
74 1 10 1 30
74 5 10 1 30
75 2 10 1 30
75 4 10 1 30
75 6 10 1 30
77 8 10 1 30
77 10 12 1 30
77 10 16 1 30
81 8 14 1 30
81 12 15 1 30
81 13 13 2 30
81 15 16 1 30
82 0 14 1 30
83 3 14 1 30
83 7 14 1 30
84 1 14 1 30
84 5 14 1 30
85 2 14 1 30
85 4 14 1 30
85 6 14 1 30
87 13 13 2 30
87 13 15 1 30
87 15 15 2 30
93 10 10 2 30
93 14 14 2 30
95 10 10 2 30
101 8 14 1 30
101 12 14 1 30
101 14 16 1 30
103 10 14 1 30
105 14 14 2 30
5
2 11 11 2 30
2 11 14 1 30
2 14 14 2 30
6 0 11 1 30
6 0 14 1 30
6 3 11 1 30
6 3 14 1 30
7 1 11 1 30
7 1 14 1 30
7 2 11 1 30
7 2 14 1 30
8 6 11 1 30
8 6 14 1 30
8 10 11 1 30
8 10 14 1 30
10 4 11 1 30
10 4 14 1 30
10 8 11 1 30
10 8 14 1 30
11 5 11 1 30
11 5 14 1 30
11 7 11 1 30
11 7 14 1 30
11 9 11 1 30
11 9 14 1 30
18 0 0 2 30
18 0 3 1 30
18 3 3 2 30
19 0 0 2 30
19 1 3 1 30
19 2 3 1 30
20 0 1 1 30
20 0 2 1 30
20 3 3 2 30
20 11 11 2 30
20 12 14 1 30
20 13 14 1 30
21 0 1 1 30
21 1 3 1 30
21 2 2 2 30
22 0 2 1 30
22 1 1 2 30
22 2 3 1 30
23 1 1 2 30
23 1 2 1 30
23 2 2 2 30
24 0 6 1 30
24 0 10 1 30
24 3 6 1 30
24 3 10 1 30
25 1 6 1 30
25 1 10 1 30
25 2 6 1 30
25 2 10 1 30
26 6 6 2 30
26 6 10 1 30
26 10 10 2 30
28 0 4 1 30
28 0 8 1 30
28 3 4 1 30
28 3 8 1 30
29 1 4 1 30
29 1 8 1 30
29 2 4 1 30
29 2 8 1 30
30 0 5 1 30
30 0 7 1 30
30 0 9 1 30
30 3 5 1 30
30 3 7 1 30
30 3 9 1 30
31 1 5 1 30
31 1 7 1 30
31 1 9 1 30
31 2 5 1 30
31 2 7 1 30
31 2 9 1 30
32 4 6 1 30
32 4 10 1 30
32 6 8 1 30
32 8 10 1 30
33 5 6 1 30
33 5 10 1 30
33 6 7 1 30
33 7 10 1 30
33 9 9 2 30
36 4 4 2 30
36 4 8 1 30
36 8 8 2 30
37 4 5 1 30
37 5 8 1 30
37 6 9 1 30
37 7 7 2 30
37 9 10 1 30
38 4 7 1 30
38 4 9 1 30
38 5 5 2 30
38 7 8 1 30
38 8 9 1 30
39 5 5 2 30
39 5 7 1 30
39 5 9 1 30
39 7 7 2 30
39 7 9 1 30
39 9 9 2 30
54 11 12 1 30
54 11 13 1 30
54 14 14 2 30
58 0 12 1 30
58 0 13 1 30
58 3 12 1 30
58 3 13 1 30
59 1 12 1 30
59 1 13 1 30
59 2 12 1 30
59 2 13 1 30
60 6 12 1 30
60 6 13 1 30
60 10 12 1 30
60 10 13 1 30
62 4 12 1 30
62 4 13 1 30
62 8 12 1 30
62 8 13 1 30
63 5 12 1 30
63 5 13 1 30
63 7 12 1 30
63 7 13 1 30
63 9 12 1 30
63 9 13 1 30
72 11 12 1 30
72 12 14 1 30
72 13 13 2 30
82 11 13 1 30
82 12 12 2 30
82 13 14 1 30
88 12 12 2 30
88 12 13 1 30
88 13 13 2 30
6
3 9 9 2 30
3 9 12 1 30
3 12 12 2 30
8 0 9 1 30
8 0 12 1 30
9 3 9 1 30
9 3 12 1 30
9 6 9 1 30
9 6 12 1 30
9 8 9 1 30
9 8 12 1 30
12 1 9 1 30
12 1 12 1 30
12 5 9 1 30
12 5 12 1 30
13 2 9 1 30
13 2 12 1 30
13 4 9 1 30
13 4 12 1 30
15 7 9 1 30
15 7 12 1 30
21 9 9 2 30
21 10 12 1 30
21 11 12 1 30
24 0 0 2 30
25 0 0 2 30
26 0 3 1 30
26 0 6 1 30
26 0 8 1 30
27 3 3 2 30
27 3 6 1 30
27 3 8 1 30
27 6 6 2 30
27 6 8 1 30
27 8 8 2 30
32 0 1 1 30
32 0 5 1 30
33 0 2 1 30
33 0 4 1 30
34 1 3 1 30
34 1 6 1 30
34 1 8 1 30
34 3 5 1 30
34 5 6 1 30
34 5 8 1 30
35 2 3 1 30
35 2 6 1 30
35 2 8 1 30
35 3 4 1 30
35 4 6 1 30
35 4 8 1 30
37 0 7 1 30
40 1 1 2 30
40 1 5 1 30
40 5 5 2 30
41 1 2 1 30
41 2 5 1 30
41 4 4 2 30
41 7 7 2 30
42 1 4 1 30
42 2 2 2 30
42 4 5 1 30
43 2 2 2 30
43 2 4 1 30
43 4 4 2 30
45 3 7 1 30
45 6 7 1 30
45 7 8 1 30
46 1 7 1 30
46 5 7 1 30
47 2 7 1 30
47 4 7 1 30
49 7 7 2 30
55 9 10 1 30
55 9 11 1 30
55 12 12 2 30
60 0 10 1 30
60 0 11 1 30
61 3 10 1 30
61 3 11 1 30
61 6 10 1 30
61 6 11 1 30
61 8 10 1 30
61 8 11 1 30
64 1 10 1 30
64 1 11 1 30
64 5 10 1 30
64 5 11 1 30
65 2 10 1 30
65 2 11 1 30
65 4 10 1 30
65 4 11 1 30
67 7 10 1 30
67 7 11 1 30
73 9 10 1 30
73 10 12 1 30
73 11 11 2 30
83 9 11 1 30
83 10 10 2 30
83 11 12 1 30
89 10 10 2 30
89 10 11 1 30
89 11 11 2 30
7
4 9 9 2 30
4 9 12 1 30
4 12 12 2 30
10 0 9 1 30
10 0 12 1 30
12 4 9 1 30
12 4 12 1 30
12 8 9 1 30
12 8 12 1 30
14 1 9 1 30
14 1 12 1 30
14 3 9 1 30
14 3 12 1 30
14 6 9 1 30
14 6 12 1 30
15 2 9 1 30
15 2 12 1 30
16 5 9 1 30
16 5 12 1 30
16 7 9 1 30
16 7 12 1 30
22 9 9 2 30
22 10 12 1 30
22 11 12 1 30
28 0 0 2 30
29 0 0 2 30
32 0 4 1 30
32 0 8 1 30
34 4 4 2 30
34 4 8 1 30
34 8 8 2 30
36 0 1 1 30
36 0 3 1 30
36 0 6 1 30
37 0 2 1 30
38 0 5 1 30
38 0 7 1 30
40 1 4 1 30
40 1 8 1 30
40 3 4 1 30
40 3 8 1 30
40 4 6 1 30
40 6 8 1 30
41 2 4 1 30
41 2 8 1 30
42 4 5 1 30
42 5 8 1 30
42 7 7 2 30
44 1 1 2 30
44 1 3 1 30
44 1 6 1 30
44 3 3 2 30
44 3 6 1 30
44 6 6 2 30
45 1 2 1 30
45 2 3 1 30
45 2 6 1 30
46 2 2 2 30
46 4 7 1 30
46 5 5 2 30
46 7 8 1 30
47 2 2 2 30
48 1 5 1 30
48 1 7 1 30
48 3 5 1 30
48 3 7 1 30
48 5 6 1 30
48 6 7 1 30
49 2 5 1 30
49 2 7 1 30
50 5 5 2 30
50 5 7 1 30
50 7 7 2 30
56 9 10 1 30
56 9 11 1 30
56 12 12 2 30
62 0 10 1 30
62 0 11 1 30
64 4 10 1 30
64 4 11 1 30
64 8 10 1 30
64 8 11 1 30
66 1 10 1 30
66 1 11 1 30
66 3 10 1 30
66 3 11 1 30
66 6 10 1 30
66 6 11 1 30
67 2 10 1 30
67 2 11 1 30
68 5 10 1 30
68 5 11 1 30
68 7 10 1 30
68 7 11 1 30
74 9 10 1 30
74 10 12 1 30
74 11 11 2 30
84 9 11 1 30
84 10 10 2 30
84 11 12 1 30
90 10 10 2 30
90 10 11 1 30
90 11 11 2 30
8
5 11 11 2 30
5 11 14 1 30
5 14 14 2 30
11 0 11 1 30
11 0 14 1 30
13 6 11 1 30
13 6 14 1 30
13 10 11 1 30
13 10 14 1 30
15 3 11 1 30
15 3 14 1 30
15 8 11 1 30
15 8 14 1 30
16 1 11 1 30
16 1 14 1 30
16 5 11 1 30
16 5 14 1 30
17 2 11 1 30
17 2 14 1 30
17 4 11 1 30
17 4 14 1 30
17 7 11 1 30
17 7 14 1 30
17 9 11 1 30
17 9 14 1 30
23 11 11 2 30
23 12 14 1 30
23 13 14 1 30
30 0 0 2 30
31 0 0 2 30
33 0 6 1 30
33 0 10 1 30
35 6 6 2 30
35 6 10 1 30
35 10 10 2 30
37 0 3 1 30
37 0 8 1 30
38 0 1 1 30
38 0 5 1 30
39 0 2 1 30
39 0 4 1 30
39 0 7 1 30
39 0 9 1 30
41 3 6 1 30
41 3 10 1 30
41 6 8 1 30
41 8 10 1 30
42 1 6 1 30
42 1 10 1 30
42 5 6 1 30
42 5 10 1 30
43 2 6 1 30
43 2 10 1 30
43 4 6 1 30
43 4 10 1 30
43 6 7 1 30
43 7 10 1 30
43 9 9 2 30
45 3 3 2 30
45 3 8 1 30
45 8 8 2 30
46 1 3 1 30
46 1 8 1 30
46 3 5 1 30
46 5 8 1 30
47 2 3 1 30
47 2 8 1 30
47 3 4 1 30
47 4 8 1 30
47 6 9 1 30
47 7 7 2 30
47 9 10 1 30
48 1 1 2 30
48 1 5 1 30
48 5 5 2 30
49 1 2 1 30
49 2 5 1 30
49 3 7 1 30
49 3 9 1 30
49 4 4 2 30
49 7 8 1 30
49 8 9 1 30
50 1 4 1 30
50 1 7 1 30
50 1 9 1 30
50 2 2 2 30
50 4 5 1 30
50 5 7 1 30
50 5 9 1 30
51 2 2 2 30
51 2 4 1 30
51 2 7 1 30
51 2 9 1 30
51 4 4 2 30
51 4 7 1 30
51 4 9 1 30
51 7 7 2 30
51 7 9 1 30
51 9 9 2 30
57 11 12 1 30
57 11 13 1 30
57 14 14 2 30
63 0 12 1 30
63 0 13 1 30
65 6 12 1 30
65 6 13 1 30
65 10 12 1 30
65 10 13 1 30
67 3 12 1 30
67 3 13 1 30
67 8 12 1 30
67 8 13 1 30
68 1 12 1 30
68 1 13 1 30
68 5 12 1 30
68 5 13 1 30
69 2 12 1 30
69 2 13 1 30
69 4 12 1 30
69 4 13 1 30
69 7 12 1 30
69 7 13 1 30
69 9 12 1 30
69 9 13 1 30
75 11 12 1 30
75 12 14 1 30
75 13 13 2 30
85 11 13 1 30
85 12 12 2 30
85 13 14 1 30
91 12 12 2 30
91 12 13 1 30
91 13 13 2 30
9
6 16 16 2 30
18 0 16 1 30
18 4 16 1 30
18 8 16 1 30
19 1 16 1 30
19 3 16 1 30
20 5 16 1 30
20 7 16 1 30
21 2 16 1 30
22 6 16 1 30
24 11 16 1 30
24 15 16 1 30
28 9 16 1 30
28 13 16 1 30
30 10 16 1 30
30 12 16 1 30
30 14 16 1 30
52 0 0 2 30
52 0 4 1 30
52 0 8 1 30
52 4 4 2 30
52 4 8 1 30
52 8 8 2 30
53 0 0 2 30
53 1 4 1 30
53 1 8 1 30
53 3 4 1 30
53 3 8 1 30
54 0 1 1 30
54 0 3 1 30
54 4 4 2 30
54 5 8 1 30
54 7 8 1 30
55 0 1 1 30
55 1 4 1 30
55 2 8 1 30
55 3 3 2 30
56 0 3 1 30
56 1 1 2 30
56 3 4 1 30
56 6 8 1 30
57 1 1 2 30
57 1 3 1 30
57 3 3 2 30
58 0 5 1 30
58 0 7 1 30
58 4 5 1 30
58 4 7 1 30
58 8 8 2 30
58 16 16 2 30
59 1 5 1 30
59 1 7 1 30
59 3 5 1 30
59 3 7 1 30
60 0 2 1 30
60 4 5 1 30
60 5 8 1 30
60 7 7 2 30
61 0 2 1 30
61 2 4 1 30
61 2 8 1 30
62 0 6 1 30
62 4 7 1 30
62 5 5 2 30
62 7 8 1 30
63 5 5 2 30
63 5 7 1 30
63 7 7 2 30
64 2 2 2 30
64 6 6 2 30
65 2 2 2 30
66 0 6 1 30
66 4 6 1 30
66 6 8 1 30
67 2 6 1 30
68 6 6 2 30
70 0 11 1 30
70 0 15 1 30
70 4 11 1 30
70 4 15 1 30
70 8 11 1 30
70 8 15 1 30
71 1 11 1 30
71 1 15 1 30
71 3 11 1 30
71 3 15 1 30
72 5 11 1 30
72 5 15 1 30
72 7 11 1 30
72 7 15 1 30
73 2 11 1 30
73 2 15 1 30
74 6 11 1 30
74 6 15 1 30
76 11 11 2 30
76 11 15 1 30
76 15 15 2 30
80 0 9 1 30
80 0 13 1 30
80 4 9 1 30
80 4 13 1 30
80 8 9 1 30
80 8 13 1 30
81 1 9 1 30
81 1 13 1 30
81 3 9 1 30
81 3 13 1 30
82 5 9 1 30
82 5 13 1 30
82 7 9 1 30
82 7 13 1 30
83 2 9 1 30
83 2 13 1 30
84 6 9 1 30
84 6 13 1 30
86 0 10 1 30
86 0 12 1 30
86 0 14 1 30
86 4 10 1 30
86 4 12 1 30
86 4 14 1 30
86 8 10 1 30
86 8 12 1 30
86 8 14 1 30
87 1 10 1 30
87 1 12 1 30
87 1 14 1 30
87 3 10 1 30
87 3 12 1 30
87 3 14 1 30
88 5 10 1 30
88 5 12 1 30
88 5 14 1 30
88 7 10 1 30
88 7 12 1 30
88 7 14 1 30
89 2 10 1 30
89 2 12 1 30
89 2 14 1 30
90 6 10 1 30
90 6 12 1 30
90 6 14 1 30
92 9 11 1 30
92 9 15 1 30
92 11 13 1 30
92 13 15 1 30
94 10 11 1 30
94 10 15 1 30
94 11 12 1 30
94 12 15 1 30
94 14 14 2 30
100 9 9 2 30
100 9 13 1 30
100 13 13 2 30
102 9 10 1 30
102 10 13 1 30
102 11 14 1 30
102 12 12 2 30
102 14 15 1 30
104 9 12 1 30
104 9 14 1 30
104 10 10 2 30
104 12 13 1 30
104 13 14 1 30
106 10 10 2 30
106 10 12 1 30
106 10 14 1 30
106 12 12 2 30
106 12 14 1 30
106 14 14 2 30
10
7 16 16 2 30
19 8 16 1 30
20 0 16 1 30
21 3 16 1 30
21 7 16 1 30
22 1 16 1 30
22 5 16 1 30
23 2 16 1 30
23 4 16 1 30
23 6 16 1 30
25 11 16 1 30
25 15 16 1 30
29 9 16 1 30
29 13 16 1 30
31 10 16 1 30
31 12 16 1 30
31 14 16 1 30
53 8 8 2 30
54 0 8 1 30
55 3 8 1 30
55 7 8 1 30
56 1 8 1 30
56 5 8 1 30
57 2 8 1 30
57 4 8 1 30
57 6 8 1 30
58 0 0 2 30
59 0 0 2 30
59 8 8 2 30
59 16 16 2 30
60 0 3 1 30
60 0 7 1 30
61 3 3 2 30
61 3 7 1 30
61 7 7 2 30
62 0 1 1 30
62 0 5 1 30
63 0 2 1 30
63 0 4 1 30
63 0 6 1 30
64 1 3 1 30
64 1 7 1 30
64 3 5 1 30
64 5 7 1 30
65 2 3 1 30
65 2 7 1 30
65 3 4 1 30
65 4 7 1 30
65 6 6 2 30
66 1 1 2 30
66 1 5 1 30
66 5 5 2 30
67 1 2 1 30
67 2 5 1 30
67 3 6 1 30
67 4 4 2 30
67 6 7 1 30
68 1 4 1 30
68 1 6 1 30
68 2 2 2 30
68 4 5 1 30
68 5 6 1 30
69 2 2 2 30
69 2 4 1 30
69 2 6 1 30
69 4 4 2 30
69 4 6 1 30
69 6 6 2 30
71 8 11 1 30
71 8 15 1 30
72 0 11 1 30
72 0 15 1 30
73 3 11 1 30
73 3 15 1 30
73 7 11 1 30
73 7 15 1 30
74 1 11 1 30
74 1 15 1 30
74 5 11 1 30
74 5 15 1 30
75 2 11 1 30
75 2 15 1 30
75 4 11 1 30
75 4 15 1 30
75 6 11 1 30
75 6 15 1 30
77 11 11 2 30
77 11 15 1 30
77 15 15 2 30
81 8 9 1 30
81 8 13 1 30
82 0 9 1 30
82 0 13 1 30
83 3 9 1 30
83 3 13 1 30
83 7 9 1 30
83 7 13 1 30
84 1 9 1 30
84 1 13 1 30
84 5 9 1 30
84 5 13 1 30
85 2 9 1 30
85 2 13 1 30
85 4 9 1 30
85 4 13 1 30
85 6 9 1 30
85 6 13 1 30
87 8 10 1 30
87 8 12 1 30
87 8 14 1 30
88 0 10 1 30
88 0 12 1 30
88 0 14 1 30
89 3 10 1 30
89 3 12 1 30
89 3 14 1 30
89 7 10 1 30
89 7 12 1 30
89 7 14 1 30
90 1 10 1 30
90 1 12 1 30
90 1 14 1 30
90 5 10 1 30
90 5 12 1 30
90 5 14 1 30
91 2 10 1 30
91 2 12 1 30
91 2 14 1 30
91 4 10 1 30
91 4 12 1 30
91 4 14 1 30
91 6 10 1 30
91 6 12 1 30
91 6 14 1 30
93 9 11 1 30
93 9 15 1 30
93 11 13 1 30
93 13 15 1 30
95 10 11 1 30
95 10 15 1 30
95 11 12 1 30
95 12 15 1 30
95 14 14 2 30
101 9 9 2 30
101 9 13 1 30
101 13 13 2 30
103 9 10 1 30
103 10 13 1 30
103 11 14 1 30
103 12 12 2 30
103 14 15 1 30
105 9 12 1 30
105 9 14 1 30
105 10 10 2 30
105 12 13 1 30
105 13 14 1 30
107 10 10 2 30
107 10 12 1 30
107 10 14 1 30
107 12 12 2 30
107 12 14 1 30
107 14 14 2 30
11
8 12 12 2 30
24 0 12 1 30
24 3 12 1 30
25 1 12 1 30
25 2 12 1 30
26 6 12 1 30
26 9 12 1 30
26 11 12 1 30
32 4 12 1 30
32 8 12 1 30
33 5 12 1 30
33 7 12 1 30
37 10 12 1 30
60 12 12 2 30
70 0 0 2 30
70 0 3 1 30
70 3 3 2 30
71 0 0 2 30
71 1 3 1 30
71 2 3 1 30
72 0 1 1 30
72 0 2 1 30
72 3 3 2 30
73 0 1 1 30
73 1 3 1 30
73 2 2 2 30
74 0 2 1 30
74 1 1 2 30
74 2 3 1 30
75 1 1 2 30
75 1 2 1 30
75 2 2 2 30
76 0 6 1 30
76 0 9 1 30
76 0 11 1 30
76 3 6 1 30
76 3 9 1 30
76 3 11 1 30
77 1 6 1 30
77 1 9 1 30
77 1 11 1 30
77 2 6 1 30
77 2 9 1 30
77 2 11 1 30
78 6 6 2 30
78 6 9 1 30
78 6 11 1 30
78 9 9 2 30
78 9 11 1 30
78 11 11 2 30
92 0 4 1 30
92 0 8 1 30
92 3 4 1 30
92 3 8 1 30
93 1 4 1 30
93 1 8 1 30
93 2 4 1 30
93 2 8 1 30
94 0 5 1 30
94 0 7 1 30
94 3 5 1 30
94 3 7 1 30
95 1 5 1 30
95 1 7 1 30
95 2 5 1 30
95 2 7 1 30
96 4 6 1 30
96 4 9 1 30
96 4 11 1 30
96 6 8 1 30
96 8 9 1 30
96 8 11 1 30
97 5 6 1 30
97 5 9 1 30
97 5 11 1 30
97 6 7 1 30
97 7 9 1 30
97 7 11 1 30
102 0 10 1 30
102 3 10 1 30
103 1 10 1 30
103 2 10 1 30
108 4 4 2 30
108 4 8 1 30
108 8 8 2 30
109 4 5 1 30
109 5 8 1 30
109 7 7 2 30
109 10 10 2 30
110 4 7 1 30
110 5 5 2 30
110 7 8 1 30
111 5 5 2 30
111 5 7 1 30
111 7 7 2 30
117 6 10 1 30
117 9 10 1 30
117 10 11 1 30
118 4 10 1 30
118 8 10 1 30
119 5 10 1 30
119 7 10 1 30
121 10 10 2 30
12
9 10 10 2 30
26 0 10 1 30
27 3 10 1 30
27 6 10 1 30
27 7 10 1 30
27 9 10 1 30
34 1 10 1 30
34 5 10 1 30
35 2 10 1 30
35 4 10 1 30
45 8 10 1 30
61 10 10 2 30
76 0 0 2 30
77 0 0 2 30
78 0 3 1 30
78 0 6 1 30
78 0 7 1 30
78 0 9 1 30
79 3 3 2 30
79 3 6 1 30
79 3 7 1 30
79 3 9 1 30
79 6 6 2 30
79 6 7 1 30
79 6 9 1 30
79 7 7 2 30
79 7 9 1 30
79 9 9 2 30
96 0 1 1 30
96 0 5 1 30
97 0 2 1 30
97 0 4 1 30
98 1 3 1 30
98 1 6 1 30
98 1 7 1 30
98 1 9 1 30
98 3 5 1 30
98 5 6 1 30
98 5 7 1 30
98 5 9 1 30
99 2 3 1 30
99 2 6 1 30
99 2 7 1 30
99 2 9 1 30
99 3 4 1 30
99 4 6 1 30
99 4 7 1 30
99 4 9 1 30
112 1 1 2 30
112 1 5 1 30
112 5 5 2 30
113 1 2 1 30
113 2 5 1 30
113 4 4 2 30
114 1 4 1 30
114 2 2 2 30
114 4 5 1 30
115 2 2 2 30
115 2 4 1 30
115 4 4 2 30
117 0 8 1 30
125 8 8 2 30
133 3 8 1 30
133 6 8 1 30
133 7 8 1 30
133 8 9 1 30
134 1 8 1 30
134 5 8 1 30
135 2 8 1 30
135 4 8 1 30
141 8 8 2 30
13
10 12 12 2 30
28 0 12 1 30
28 3 12 1 30
29 1 12 1 30
29 2 12 1 30
32 7 12 1 30
32 11 12 1 30
36 4 12 1 30
36 6 12 1 30
36 9 12 1 30
37 5 12 1 30
38 8 12 1 30
38 10 12 1 30
62 12 12 2 30
80 0 0 2 30
80 0 3 1 30
80 3 3 2 30
81 0 0 2 30
81 1 3 1 30
81 2 3 1 30
82 0 1 1 30
82 0 2 1 30
82 3 3 2 30
83 0 1 1 30
83 1 3 1 30
83 2 2 2 30
84 0 2 1 30
84 1 1 2 30
84 2 3 1 30
85 1 1 2 30
85 1 2 1 30
85 2 2 2 30
92 0 7 1 30
92 0 11 1 30
92 3 7 1 30
92 3 11 1 30
93 1 7 1 30
93 1 11 1 30
93 2 7 1 30
93 2 11 1 30
96 7 7 2 30
96 7 11 1 30
96 11 11 2 30
100 0 4 1 30
100 0 6 1 30
100 0 9 1 30
100 3 4 1 30
100 3 6 1 30
100 3 9 1 30
101 1 4 1 30
101 1 6 1 30
101 1 9 1 30
101 2 4 1 30
101 2 6 1 30
101 2 9 1 30
102 0 5 1 30
102 3 5 1 30
103 1 5 1 30
103 2 5 1 30
104 0 8 1 30
104 0 10 1 30
104 3 8 1 30
104 3 10 1 30
105 1 8 1 30
105 1 10 1 30
105 2 8 1 30
105 2 10 1 30
108 4 7 1 30
108 4 11 1 30
108 6 7 1 30
108 6 11 1 30
108 7 9 1 30
108 9 11 1 30
109 5 7 1 30
109 5 11 1 30
110 7 8 1 30
110 8 11 1 30
110 10 10 2 30
116 4 4 2 30
116 4 6 1 30
116 4 9 1 30
116 6 6 2 30
116 6 9 1 30
116 9 9 2 30
117 4 5 1 30
117 5 6 1 30
117 5 9 1 30
118 5 5 2 30
118 7 10 1 30
118 8 8 2 30
118 10 11 1 30
119 5 5 2 30
120 4 8 1 30
120 4 10 1 30
120 6 8 1 30
120 6 10 1 30
120 8 9 1 30
120 9 10 1 30
121 5 8 1 30
121 5 10 1 30
122 8 8 2 30
122 8 10 1 30
122 10 10 2 30
14
11 14 14 2 30
30 0 14 1 30
30 3 14 1 30
31 1 14 1 30
31 2 14 1 30
33 9 14 1 30
33 13 14 1 30
37 6 14 1 30
37 11 14 1 30
38 4 14 1 30
38 8 14 1 30
39 5 14 1 30
39 7 14 1 30
39 10 14 1 30
39 12 14 1 30
63 14 14 2 30
86 0 0 2 30
86 0 3 1 30
86 3 3 2 30
87 0 0 2 30
87 1 3 1 30
87 2 3 1 30
88 0 1 1 30
88 0 2 1 30
88 3 3 2 30
89 0 1 1 30
89 1 3 1 30
89 2 2 2 30
90 0 2 1 30
90 1 1 2 30
90 2 3 1 30
91 1 1 2 30
91 1 2 1 30
91 2 2 2 30
94 0 9 1 30
94 0 13 1 30
94 3 9 1 30
94 3 13 1 30
95 1 9 1 30
95 1 13 1 30
95 2 9 1 30
95 2 13 1 30
97 9 9 2 30
97 9 13 1 30
97 13 13 2 30
102 0 6 1 30
102 0 11 1 30
102 3 6 1 30
102 3 11 1 30
103 1 6 1 30
103 1 11 1 30
103 2 6 1 30
103 2 11 1 30
104 0 4 1 30
104 0 8 1 30
104 3 4 1 30
104 3 8 1 30
105 1 4 1 30
105 1 8 1 30
105 2 4 1 30
105 2 8 1 30
106 0 5 1 30
106 0 7 1 30
106 0 10 1 30
106 0 12 1 30
106 3 5 1 30
106 3 7 1 30
106 3 10 1 30
106 3 12 1 30
107 1 5 1 30
107 1 7 1 30
107 1 10 1 30
107 1 12 1 30
107 2 5 1 30
107 2 7 1 30
107 2 10 1 30
107 2 12 1 30
109 6 9 1 30
109 6 13 1 30
109 9 11 1 30
109 11 13 1 30
110 4 9 1 30
110 4 13 1 30
110 8 9 1 30
110 8 13 1 30
111 5 9 1 30
111 5 13 1 30
111 7 9 1 30
111 7 13 1 30
111 9 10 1 30
111 10 13 1 30
111 12 12 2 30
117 6 6 2 30
117 6 11 1 30
117 11 11 2 30
118 4 6 1 30
118 4 11 1 30
118 6 8 1 30
118 8 11 1 30
119 5 6 1 30
119 5 11 1 30
119 6 7 1 30
119 7 11 1 30
119 9 12 1 30
119 10 10 2 30
119 12 13 1 30
120 4 4 2 30
120 4 8 1 30
120 8 8 2 30
121 4 5 1 30
121 5 8 1 30
121 6 10 1 30
121 6 12 1 30
121 7 7 2 30
121 10 11 1 30
121 11 12 1 30
122 4 7 1 30
122 4 10 1 30
122 4 12 1 30
122 5 5 2 30
122 7 8 1 30
122 8 10 1 30
122 8 12 1 30
123 5 5 2 30
123 5 7 1 30
123 5 10 1 30
123 5 12 1 30
123 7 7 2 30
123 7 10 1 30
123 7 12 1 30
123 10 10 2 30
123 10 12 1 30
123 12 12 2 30
15
12 10 10 2 30
32 0 10 1 30
34 4 10 1 30
34 7 10 1 30
34 9 10 1 30
40 1 10 1 30
40 3 10 1 30
40 6 10 1 30
41 2 10 1 30
42 5 10 1 30
46 8 10 1 30
64 10 10 2 30
92 0 0 2 30
93 0 0 2 30
96 0 4 1 30
96 0 7 1 30
96 0 9 1 30
98 4 4 2 30
98 4 7 1 30
98 4 9 1 30
98 7 7 2 30
98 7 9 1 30
98 9 9 2 30
108 0 1 1 30
108 0 3 1 30
108 0 6 1 30
109 0 2 1 30
110 0 5 1 30
112 1 4 1 30
112 1 7 1 30
112 1 9 1 30
112 3 4 1 30
112 3 7 1 30
112 3 9 1 30
112 4 6 1 30
112 6 7 1 30
112 6 9 1 30
113 2 4 1 30
113 2 7 1 30
113 2 9 1 30
114 4 5 1 30
114 5 7 1 30
114 5 9 1 30
118 0 8 1 30
124 1 1 2 30
124 1 3 1 30
124 1 6 1 30
124 3 3 2 30
124 3 6 1 30
124 6 6 2 30
125 1 2 1 30
125 2 3 1 30
125 2 6 1 30
126 2 2 2 30
126 5 5 2 30
126 8 8 2 30
127 2 2 2 30
128 1 5 1 30
128 3 5 1 30
128 5 6 1 30
129 2 5 1 30
130 5 5 2 30
134 4 8 1 30
134 7 8 1 30
134 8 9 1 30
136 1 8 1 30
136 3 8 1 30
136 6 8 1 30
137 2 8 1 30
138 5 8 1 30
142 8 8 2 30
16
13 12 12 2 30
33 0 12 1 30
35 6 12 1 30
35 9 12 1 30
35 11 12 1 30
41 3 12 1 30
41 8 12 1 30
42 1 12 1 30
42 5 12 1 30
43 2 12 1 30
43 4 12 1 30
43 7 12 1 30
47 10 12 1 30
65 12 12 2 30
94 0 0 2 30
95 0 0 2 30
97 0 6 1 30
97 0 9 1 30
97 0 11 1 30
99 6 6 2 30
99 6 9 1 30
99 6 11 1 30
99 9 9 2 30
99 9 11 1 30
99 11 11 2 30
109 0 3 1 30
109 0 8 1 30
110 0 1 1 30
110 0 5 1 30
111 0 2 1 30
111 0 4 1 30
111 0 7 1 30
113 3 6 1 30
113 3 9 1 30
113 3 11 1 30
113 6 8 1 30
113 8 9 1 30
113 8 11 1 30
114 1 6 1 30
114 1 9 1 30
114 1 11 1 30
114 5 6 1 30
114 5 9 1 30
114 5 11 1 30
115 2 6 1 30
115 2 9 1 30
115 2 11 1 30
115 4 6 1 30
115 4 9 1 30
115 4 11 1 30
115 6 7 1 30
115 7 9 1 30
115 7 11 1 30
119 0 10 1 30
125 3 3 2 30
125 3 8 1 30
125 8 8 2 30
126 1 3 1 30
126 1 8 1 30
126 3 5 1 30
126 5 8 1 30
127 2 3 1 30
127 2 8 1 30
127 3 4 1 30
127 4 8 1 30
127 7 7 2 30
127 10 10 2 30
128 1 1 2 30
128 1 5 1 30
128 5 5 2 30
129 1 2 1 30
129 2 5 1 30
129 3 7 1 30
129 4 4 2 30
129 7 8 1 30
130 1 4 1 30
130 1 7 1 30
130 2 2 2 30
130 4 5 1 30
130 5 7 1 30
131 2 2 2 30
131 2 4 1 30
131 2 7 1 30
131 4 4 2 30
131 4 7 1 30
131 7 7 2 30
135 6 10 1 30
135 9 10 1 30
135 10 11 1 30
137 3 10 1 30
137 8 10 1 30
138 1 10 1 30
138 5 10 1 30
139 2 10 1 30
139 4 10 1 30
139 7 10 1 30
143 10 10 2 30
17
14 10 10 2 30
36 0 10 1 30
40 5 10 1 30
40 9 10 1 30
44 1 10 1 30
44 3 10 1 30
44 4 10 1 30
44 7 10 1 30
45 2 10 1 30
48 6 10 1 30
48 8 10 1 30
66 10 10 2 30
100 0 0 2 30
101 0 0 2 30
108 0 5 1 30
108 0 9 1 30
112 5 5 2 30
112 5 9 1 30
112 9 9 2 30
116 0 1 1 30
116 0 3 1 30
116 0 4 1 30
116 0 7 1 30
117 0 2 1 30
120 0 6 1 30
120 0 8 1 30
124 1 5 1 30
124 1 9 1 30
124 3 5 1 30
124 3 9 1 30
124 4 5 1 30
124 4 9 1 30
124 5 7 1 30
124 7 9 1 30
125 2 5 1 30
125 2 9 1 30
128 5 6 1 30
128 6 9 1 30
128 8 8 2 30
132 1 1 2 30
132 1 3 1 30
132 1 4 1 30
132 1 7 1 30
132 3 3 2 30
132 3 4 1 30
132 3 7 1 30
132 4 4 2 30
132 4 7 1 30
132 7 7 2 30
133 1 2 1 30
133 2 3 1 30
133 2 4 1 30
133 2 7 1 30
134 2 2 2 30
135 2 2 2 30
136 5 8 1 30
136 6 6 2 30
136 8 9 1 30
140 1 6 1 30
140 1 8 1 30
140 3 6 1 30
140 3 8 1 30
140 4 6 1 30
140 4 8 1 30
140 6 7 1 30
140 7 8 1 30
141 2 6 1 30
141 2 8 1 30
144 6 6 2 30
144 6 8 1 30
144 8 8 2 30
18
15 12 12 2 30
37 0 12 1 30
41 7 12 1 30
41 11 12 1 30
45 3 12 1 30
45 6 12 1 30
45 9 12 1 30
46 1 12 1 30
46 5 12 1 30
47 2 12 1 30
47 4 12 1 30
49 8 12 1 30
49 10 12 1 30
67 12 12 2 30
102 0 0 2 30
103 0 0 2 30
109 0 7 1 30
109 0 11 1 30
113 7 7 2 30
113 7 11 1 30
113 11 11 2 30
117 0 3 1 30
117 0 6 1 30
117 0 9 1 30
118 0 1 1 30
118 0 5 1 30
119 0 2 1 30
119 0 4 1 30
121 0 8 1 30
121 0 10 1 30
125 3 7 1 30
125 3 11 1 30
125 6 7 1 30
125 6 11 1 30
125 7 9 1 30
125 9 11 1 30
126 1 7 1 30
126 1 11 1 30
126 5 7 1 30
126 5 11 1 30
127 2 7 1 30
127 2 11 1 30
127 4 7 1 30
127 4 11 1 30
129 7 8 1 30
129 8 11 1 30
129 10 10 2 30
133 3 3 2 30
133 3 6 1 30
133 3 9 1 30
133 6 6 2 30
133 6 9 1 30
133 9 9 2 30
134 1 3 1 30
134 1 6 1 30
134 1 9 1 30
134 3 5 1 30
134 5 6 1 30
134 5 9 1 30
135 2 3 1 30
135 2 6 1 30
135 2 9 1 30
135 3 4 1 30
135 4 6 1 30
135 4 9 1 30
136 1 1 2 30
136 1 5 1 30
136 5 5 2 30
137 1 2 1 30
137 2 5 1 30
137 4 4 2 30
137 7 10 1 30
137 8 8 2 30
137 10 11 1 30
138 1 4 1 30
138 2 2 2 30
138 4 5 1 30
139 2 2 2 30
139 2 4 1 30
139 4 4 2 30
141 3 8 1 30
141 3 10 1 30
141 6 8 1 30
141 6 10 1 30
141 8 9 1 30
141 9 10 1 30
142 1 8 1 30
142 1 10 1 30
142 5 8 1 30
142 5 10 1 30
143 2 8 1 30
143 2 10 1 30
143 4 8 1 30
143 4 10 1 30
145 8 8 2 30
145 8 10 1 30
145 10 10 2 30
19
16 12 12 2 30
38 0 12 1 30
42 7 12 1 30
42 11 12 1 30
46 4 12 1 30
46 9 12 1 30
48 1 12 1 30
48 3 12 1 30
48 6 12 1 30
49 2 12 1 30
50 5 12 1 30
50 8 12 1 30
50 10 12 1 30
68 12 12 2 30
104 0 0 2 30
105 0 0 2 30
110 0 7 1 30
110 0 11 1 30
114 7 7 2 30
114 7 11 1 30
114 11 11 2 30
118 0 4 1 30
118 0 9 1 30
120 0 1 1 30
120 0 3 1 30
120 0 6 1 30
121 0 2 1 30
122 0 5 1 30
122 0 8 1 30
122 0 10 1 30
126 4 7 1 30
126 4 11 1 30
126 7 9 1 30
126 9 11 1 30
128 1 7 1 30
128 1 11 1 30
128 3 7 1 30
128 3 11 1 30
128 6 7 1 30
128 6 11 1 30
129 2 7 1 30
129 2 11 1 30
130 5 7 1 30
130 5 11 1 30
130 7 8 1 30
130 8 11 1 30
130 10 10 2 30
134 4 4 2 30
134 4 9 1 30
134 9 9 2 30
136 1 4 1 30
136 1 9 1 30
136 3 4 1 30
136 3 9 1 30
136 4 6 1 30
136 6 9 1 30
137 2 4 1 30
137 2 9 1 30
138 4 5 1 30
138 5 9 1 30
138 7 10 1 30
138 8 8 2 30
138 10 11 1 30
140 1 1 2 30
140 1 3 1 30
140 1 6 1 30
140 3 3 2 30
140 3 6 1 30
140 6 6 2 30
141 1 2 1 30
141 2 3 1 30
141 2 6 1 30
142 2 2 2 30
142 4 8 1 30
142 4 10 1 30
142 5 5 2 30
142 8 9 1 30
142 9 10 1 30
143 2 2 2 30
144 1 5 1 30
144 1 8 1 30
144 1 10 1 30
144 3 5 1 30
144 3 8 1 30
144 3 10 1 30
144 5 6 1 30
144 6 8 1 30
144 6 10 1 30
145 2 5 1 30
145 2 8 1 30
145 2 10 1 30
146 5 5 2 30
146 5 8 1 30
146 5 10 1 30
146 8 8 2 30
146 8 10 1 30
146 10 10 2 30
20
17 14 14 2 30
39 0 14 1 30
43 9 14 1 30
43 13 14 1 30
47 6 14 1 30
47 11 14 1 30
49 3 14 1 30
49 8 14 1 30
50 1 14 1 30
50 5 14 1 30
51 2 14 1 30
51 4 14 1 30
51 7 14 1 30
51 10 14 1 30
51 12 14 1 30
69 14 14 2 30
106 0 0 2 30
107 0 0 2 30
111 0 9 1 30
111 0 13 1 30
115 9 9 2 30
115 9 13 1 30
115 13 13 2 30
119 0 6 1 30
119 0 11 1 30
121 0 3 1 30
121 0 8 1 30
122 0 1 1 30
122 0 5 1 30
123 0 2 1 30
123 0 4 1 30
123 0 7 1 30
123 0 10 1 30
123 0 12 1 30
127 6 9 1 30
127 6 13 1 30
127 9 11 1 30
127 11 13 1 30
129 3 9 1 30
129 3 13 1 30
129 8 9 1 30
129 8 13 1 30
130 1 9 1 30
130 1 13 1 30
130 5 9 1 30
130 5 13 1 30
131 2 9 1 30
131 2 13 1 30
131 4 9 1 30
131 4 13 1 30
131 7 9 1 30
131 7 13 1 30
131 9 10 1 30
131 10 13 1 30
131 12 12 2 30
135 6 6 2 30
135 6 11 1 30
135 11 11 2 30
137 3 6 1 30
137 3 11 1 30
137 6 8 1 30
137 8 11 1 30
138 1 6 1 30
138 1 11 1 30
138 5 6 1 30
138 5 11 1 30
139 2 6 1 30
139 2 11 1 30
139 4 6 1 30
139 4 11 1 30
139 6 7 1 30
139 7 11 1 30
139 9 12 1 30
139 10 10 2 30
139 12 13 1 30
141 3 3 2 30
141 3 8 1 30
141 8 8 2 30
142 1 3 1 30
142 1 8 1 30
142 3 5 1 30
142 5 8 1 30
143 2 3 1 30
143 2 8 1 30
143 3 4 1 30
143 4 8 1 30
143 6 10 1 30
143 6 12 1 30
143 7 7 2 30
143 10 11 1 30
143 11 12 1 30
144 1 1 2 30
144 1 5 1 30
144 5 5 2 30
145 1 2 1 30
145 2 5 1 30
145 3 7 1 30
145 3 10 1 30
145 3 12 1 30
145 4 4 2 30
145 7 8 1 30
145 8 10 1 30
145 8 12 1 30
146 1 4 1 30
146 1 7 1 30
146 1 10 1 30
146 1 12 1 30
146 2 2 2 30
146 4 5 1 30
146 5 7 1 30
146 5 10 1 30
146 5 12 1 30
147 2 2 2 30
147 2 4 1 30
147 2 7 1 30
147 2 10 1 30
147 2 12 1 30
147 4 4 2 30
147 4 7 1 30
147 4 10 1 30
147 4 12 1 30
147 7 7 2 30
147 7 10 1 30
147 7 12 1 30
147 10 10 2 30
147 10 12 1 30
147 12 12 2 30
