0
0 0 1 9 20
0 0 3 1 20
1 0 0 8 20
1 0 1 2 20
1 0 2 2 20
1 1 1 4 20
2 0 1 6 20
2 0 2 3 20
2 0 3 1 20
3 0 3 4 20
3 1 1 12 20
4 0 0 8 20
4 0 1 2 20
4 0 2 2 20
4 1 1 2 20
4 1 2 1 20
5 0 0 8 20
5 0 1 2 20
5 0 2 2 20
5 1 2 2 20
6 0 1 6 20
6 1 2 3 20
6 1 3 1 20
7 0 1 3 20
7 0 2 6 20
7 0 3 1 20
8 0 2 6 20
8 1 1 6 20
8 1 3 1 20
9 0 3 4 20
9 1 2 6 20
10 1 3 10 20
11 0 0 8 20
11 0 1 2 20
11 0 2 2 20
11 1 2 2 20
12 0 0 8 20
12 0 1 2 20
12 0 2 2 20
12 1 2 1 20
12 2 2 2 20
13 0 1 6 20
13 1 2 3 20
13 2 3 1 20
14 0 0 8 20
14 0 1 2 20
14 0 2 2 20
14 2 2 4 20
15 0 0 8 20
15 1 1 4 20
15 1 2 2 20
15 2 2 4 20
16 0 1 6 20
16 2 2 6 20
16 2 3 1 20
17 1 1 12 20
17 2 3 4 20
18 0 2 9 20
18 0 3 1 20
19 0 2 6 20
19 1 2 3 20
19 1 3 1 20
20 0 2 6 20
20 1 2 3 20
20 2 3 1 20
21 1 2 9 20
21 3 3 2 20
22 0 3 4 20
22 2 2 12 20
23 1 3 4 20
23 2 2 12 20
24 2 3 10 20
25 3 3 20 20
1
0 0 22 3 90
0 3 22 3 90
0 4 4 4 90
0 4 7 2 90
0 4 14 2 90
0 4 17 1 90
0 7 7 4 90
0 7 14 1 90
0 7 17 2 90
0 8 23 1 90
0 8 24 1 90
0 8 25 1 90
0 13 22 3 90
0 14 14 4 90
0 14 17 2 90
0 17 17 4 90
0 18 23 1 90
0 18 24 1 90
0 18 25 1 90
0 21 23 1 90
0 21 24 1 90
0 21 25 1 90
1 0 0 4 90
1 1 3 2 90
1 1 13 2 90
1 2 3 2 90
1 2 13 2 90
1 4 8 2 90
1 4 18 2 90
1 4 22 1 90
1 4 26 1 90
1 6 21 1 90
1 7 8 2 90
1 7 18 2 90
1 7 22 1 90
1 7 26 1 90
1 9 21 1 90
1 12 21 1 90
1 14 19 2 90
1 14 20 2 90
1 14 22 1 90
1 14 26 1 90
1 15 21 1 90
1 17 19 2 90
1 17 20 2 90
1 17 22 1 90
1 17 26 1 90
1 22 22 2 90
2 0 22 3 90
2 1 4 2 90
2 1 7 1 90
2 1 14 2 90
2 1 17 1 90
2 2 4 1 90
2 2 7 2 90
2 2 14 1 90
2 2 17 2 90
2 3 23 1 90
2 3 24 1 90
2 3 25 1 90
2 8 26 3 90
2 13 23 1 90
2 13 24 1 90
2 13 25 1 90
2 18 26 3 90
2 19 19 4 90
2 19 20 2 90
2 20 20 4 90
2 21 27 1 90
2 21 28 1 90
2 21 29 1 90
3 4 23 3 90
3 4 24 2 90
3 4 25 1 90
3 7 23 1 90
3 7 24 2 90
3 7 25 3 90
3 14 23 3 90
3 14 24 2 90
3 14 25 1 90
3 17 23 1 90
3 17 24 2 90
3 17 25 3 90
3 22 22 6 90
4 0 1 2 90
4 0 2 2 90
4 1 22 1 90
4 2 22 1 90
4 3 3 4 90
4 4 8 2 90
4 4 19 1 90
4 4 20 1 90
4 4 26 1 90
4 5 13 2 90
4 6 18 1 90
4 7 8 2 90
4 7 19 1 90
4 7 20 1 90
4 7 26 1 90
4 9 18 1 90
4 10 14 1 90
4 10 17 1 90
4 11 13 2 90
4 12 18 1 90
4 14 16 1 90
4 14 21 2 90
4 14 30 1 90
4 15 18 1 90
4 16 17 1 90
4 17 21 2 90
4 17 30 1 90
4 19 22 1 90
4 20 22 1 90
4 22 26 1 90
5 0 1 2 90
5 0 2 2 90
5 1 19 1 90
5 1 20 1 90
5 1 22 1 90
5 1 26 1 90
5 2 19 1 90
5 2 20 1 90
5 2 22 1 90
5 2 26 1 90
5 3 4 2 90
5 3 7 2 90
5 5 14 1 90
5 5 17 1 90
5 6 13 1 90
5 8 8 4 90
5 9 13 1 90
5 10 18 2 90
5 11 14 1 90
5 11 17 1 90
5 12 13 1 90
5 13 15 1 90
5 16 18 2 90
5 19 21 2 90
5 19 26 1 90
5 19 30 1 90
5 20 21 2 90
5 20 26 1 90
5 20 30 1 90
5 26 26 2 90
6 1 22 3 90
6 2 22 3 90
6 4 4 4 90
6 4 7 2 90
6 6 14 2 90
6 6 17 1 90
6 7 7 4 90
6 9 14 1 90
6 9 17 2 90
6 12 14 2 90
6 12 17 1 90
6 14 15 1 90
6 15 17 2 90
6 19 23 1 90
6 19 24 1 90
6 19 25 1 90
6 20 23 1 90
6 20 24 1 90
6 20 25 1 90
6 23 26 1 90
6 24 26 1 90
6 25 26 1 90
7 0 23 1 90
7 0 24 1 90
7 0 25 1 90
7 1 1 4 90
7 1 2 2 90
7 2 2 4 90
7 3 26 3 90
7 5 19 2 90
7 5 20 1 90
7 8 26 3 90
7 10 19 2 90
7 10 20 1 90
7 11 19 1 90
7 11 20 2 90
7 13 27 1 90
7 13 28 1 90
7 13 29 1 90
7 16 19 1 90
7 16 20 2 90
7 18 27 1 90
7 18 28 1 90
7 18 29 1 90
7 21 30 3 90
8 1 1 4 90
8 1 2 2 90
8 2 2 4 90
8 4 26 3 90
8 6 19 2 90
8 6 20 1 90
8 7 26 3 90
8 9 19 2 90
8 9 20 1 90
8 12 19 1 90
8 12 20 2 90
8 14 27 1 90
8 14 28 1 90
8 14 29 1 90
8 15 19 1 90
8 15 20 2 90
8 17 27 1 90
8 17 28 1 90
8 17 29 1 90
8 22 23 1 90
8 22 24 1 90
8 22 25 1 90
9 1 23 3 90
9 1 24 2 90
9 1 25 1 90
9 2 23 1 90
9 2 24 2 90
9 2 25 3 90
9 19 27 3 90
9 19 28 2 90
9 19 29 1 90
9 20 27 1 90
9 20 28 2 90
9 20 29 3 90
9 26 26 6 90
10 23 23 6 90
10 23 24 3 90
10 23 25 1 90
10 24 24 4 90
10 24 25 3 90
10 25 25 6 90
11 0 5 2 90
11 0 11 2 90
11 3 5 2 90
11 3 11 2 90
11 4 10 2 90
11 4 16 2 90
11 4 30 1 90
11 5 22 1 90
11 6 8 1 90
11 7 10 2 90
11 7 16 2 90
11 7 30 1 90
11 8 9 1 90
11 8 12 1 90
11 8 15 1 90
11 10 22 1 90
11 11 22 1 90
11 13 13 4 90
11 14 18 2 90
11 14 21 2 90
11 14 30 1 90
11 16 22 1 90
11 17 18 2 90
11 17 21 2 90
11 17 30 1 90
11 22 30 1 90
12 0 5 2 90
12 0 11 2 90
12 1 10 1 90
12 1 16 1 90
12 1 30 1 90
12 2 10 1 90
12 2 16 1 90
12 2 30 1 90
12 3 6 1 90
12 3 9 1 90
12 3 12 1 90
12 3 15 1 90
12 4 5 1 90
12 4 11 1 90
12 5 7 1 90
12 5 22 1 90
12 7 11 1 90
12 8 10 2 90
12 8 16 2 90
12 10 26 1 90
12 11 22 1 90
12 13 14 2 90
12 13 17 2 90
12 16 26 1 90
12 18 18 4 90
12 19 21 2 90
12 19 30 1 90
12 20 21 2 90
12 20 30 1 90
12 26 30 1 90
13 4 6 2 90
13 4 9 1 90
13 4 12 2 90
13 4 15 1 90
13 5 22 3 90
13 6 7 1 90
13 7 9 2 90
13 7 12 1 90
13 7 15 2 90
13 10 23 1 90
13 10 24 1 90
13 10 25 1 90
13 11 22 3 90
13 14 14 4 90
13 14 17 2 90
13 16 23 1 90
13 16 24 1 90
13 16 25 1 90
13 17 17 4 90
13 23 30 1 90
13 24 30 1 90
13 25 30 1 90
14 0 6 1 90
14 0 9 1 90
14 0 12 1 90
14 0 15 1 90
14 1 5 2 90
14 1 11 2 90
14 2 5 2 90
14 2 11 2 90
14 3 10 2 90
14 3 16 2 90
14 5 26 1 90
14 5 30 1 90
14 8 10 2 90
14 8 16 2 90
14 10 26 1 90
14 10 30 1 90
14 11 26 1 90
14 11 30 1 90
14 13 19 2 90
14 13 20 2 90
14 16 26 1 90
14 16 30 1 90
14 18 19 2 90
14 18 20 2 90
14 21 21 4 90
14 30 30 2 90
15 1 5 2 90
15 1 11 2 90
15 2 5 2 90
15 2 11 2 90
15 4 10 2 90
15 4 16 2 90
15 6 22 1 90
15 6 26 1 90
15 6 30 1 90
15 7 10 2 90
15 7 16 2 90
15 9 22 1 90
15 9 26 1 90
15 9 30 1 90
15 12 22 1 90
15 12 26 1 90
15 12 30 1 90
15 14 19 2 90
15 14 20 2 90
15 15 22 1 90
15 15 26 1 90
15 15 30 1 90
15 17 19 2 90
15 17 20 2 90
16 1 6 2 90
16 1 9 1 90
16 1 12 2 90
16 1 15 1 90
16 2 6 1 90
16 2 9 2 90
16 2 12 1 90
16 2 15 2 90
16 5 23 1 90
16 5 24 1 90
16 5 25 1 90
16 10 26 3 90
16 11 23 1 90
16 11 24 1 90
16 11 25 1 90
16 16 26 3 90
16 19 19 4 90
16 19 20 2 90
16 20 20 4 90
16 27 30 1 90
16 28 30 1 90
16 29 30 1 90
17 6 23 3 90
17 6 24 2 90
17 6 25 1 90
17 9 23 1 90
17 9 24 2 90
17 9 25 3 90
17 12 23 3 90
17 12 24 2 90
17 12 25 1 90
17 15 23 1 90
17 15 24 2 90
17 15 25 3 90
18 0 27 1 90
18 0 28 1 90
18 0 29 1 90
18 3 27 1 90
18 3 28 1 90
18 3 29 1 90
18 5 5 4 90
18 5 10 2 90
18 5 11 2 90
18 5 16 1 90
18 8 27 1 90
18 8 28 1 90
18 8 29 1 90
18 10 10 4 90
18 10 11 1 90
18 10 16 2 90
18 11 11 4 90
18 11 16 2 90
18 13 30 3 90
18 16 16 4 90
18 18 30 3 90
18 21 30 3 90
19 4 27 1 90
19 4 28 1 90
19 4 29 1 90
19 5 5 4 90
19 5 11 2 90
19 6 10 2 90
19 6 16 1 90
19 7 27 1 90
19 7 28 1 90
19 7 29 1 90
19 9 10 2 90
19 9 16 1 90
19 10 12 1 90
19 10 15 1 90
19 11 11 4 90
19 12 16 2 90
19 14 30 3 90
19 15 16 2 90
19 17 30 3 90
19 22 27 1 90
19 22 28 1 90
19 22 29 1 90
20 1 27 1 90
20 1 28 1 90
20 1 29 1 90
20 2 27 1 90
20 2 28 1 90
20 2 29 1 90
20 5 6 2 90
20 5 9 2 90
20 5 12 1 90
20 5 15 1 90
20 6 11 1 90
20 9 11 1 90
20 10 10 4 90
20 10 16 2 90
20 11 12 2 90
20 11 15 2 90
20 16 16 4 90
20 19 30 3 90
20 20 30 3 90
20 26 27 1 90
20 26 28 1 90
20 26 29 1 90
21 6 6 4 90
21 6 9 2 90
21 6 12 2 90
21 6 15 1 90
21 9 9 4 90
21 9 12 1 90
21 9 15 2 90
21 12 12 4 90
21 12 15 2 90
21 15 15 4 90
21 23 27 1 90
21 23 28 1 90
21 23 29 1 90
21 24 27 1 90
21 24 28 1 90
21 24 29 1 90
21 25 27 1 90
21 25 28 1 90
21 25 29 1 90
22 5 27 3 90
22 5 28 2 90
22 5 29 1 90
22 10 27 3 90
22 10 28 2 90
22 10 29 1 90
22 11 27 1 90
22 11 28 2 90
22 11 29 3 90
22 16 27 1 90
22 16 28 2 90
22 16 29 3 90
22 30 30 6 90
23 6 27 3 90
23 6 28 2 90
23 6 29 1 90
23 9 27 3 90
23 9 28 2 90
23 9 29 1 90
23 12 27 1 90
23 12 28 2 90
23 12 29 3 90
23 15 27 1 90
23 15 28 2 90
23 15 29 3 90
24 27 27 6 90
24 27 28 3 90
24 27 29 1 90
24 28 28 4 90
24 28 29 3 90
24 29 29 6 90
2
0 5 8 3 90
0 6 8 3 90
0 7 8 3 90
1 4 4 4 90
1 8 8 4 90
1 8 9 1 90
1 8 16 1 90
2 1 8 1 90
2 2 8 1 90
2 3 8 1 90
2 4 5 2 90
2 4 6 2 90
2 4 7 2 90
3 5 5 4 90
3 5 6 2 90
3 5 7 2 90
3 6 6 4 90
3 6 7 2 90
3 7 7 4 90
3 8 10 1 90
3 8 11 1 90
3 8 12 1 90
3 8 13 1 90
3 8 14 1 90
3 8 15 1 90
4 0 4 2 90
4 4 9 1 90
4 8 8 4 90
4 8 16 1 90
5 0 4 2 90
5 4 8 2 90
5 4 9 1 90
5 4 16 1 90
6 4 9 3 90
6 5 8 2 90
6 5 16 1 90
6 6 8 2 90
6 6 16 1 90
6 7 8 2 90
6 7 16 1 90
7 0 5 1 90
7 0 6 1 90
7 0 7 1 90
7 1 4 2 90
7 2 4 2 90
7 3 4 2 90
8 1 4 2 90
8 2 4 2 90
8 3 4 2 90
8 5 9 1 90
8 6 9 1 90
8 7 9 1 90
8 8 16 3 90
9 1 5 2 90
9 1 6 1 90
9 1 7 1 90
9 2 5 1 90
9 2 6 2 90
9 2 7 1 90
9 3 5 1 90
9 3 6 1 90
9 3 7 2 90
9 4 10 1 90
9 4 11 1 90
9 4 12 1 90
9 4 13 1 90
9 4 14 1 90
9 4 15 1 90
10 5 10 3 90
10 5 11 2 90
10 5 12 1 90
10 5 13 2 90
10 5 14 1 90
10 5 15 1 90
10 6 10 1 90
10 6 11 2 90
10 6 12 3 90
10 6 13 1 90
10 6 14 2 90
10 6 15 1 90
10 7 10 1 90
10 7 11 1 90
10 7 12 1 90
10 7 13 2 90
10 7 14 2 90
10 7 15 3 90
11 0 0 4 90
11 0 9 1 90
11 8 8 4 90
11 8 16 1 90
12 0 0 4 90
12 0 9 1 90
12 4 8 2 90
12 4 16 1 90
13 0 9 3 90
13 5 8 2 90
13 5 16 1 90
13 6 8 2 90
13 6 16 1 90
13 7 8 2 90
13 7 16 1 90
14 0 0 4 90
14 0 9 1 90
14 0 16 1 90
14 4 4 4 90
15 0 0 4 90
15 4 4 4 90
15 8 8 4 90
15 9 9 2 90
15 9 16 1 90
15 16 16 2 90
16 0 9 3 90
16 1 16 1 90
16 2 16 1 90
16 3 16 1 90
16 4 5 2 90
16 4 6 2 90
16 4 7 2 90
17 5 5 4 90
17 5 6 2 90
17 5 7 2 90
17 6 6 4 90
17 6 7 2 90
17 7 7 4 90
17 9 9 6 90
17 10 16 1 90
17 11 16 1 90
17 12 16 1 90
17 13 16 1 90
17 14 16 1 90
17 15 16 1 90
18 0 1 3 90
18 0 2 3 90
18 0 3 3 90
19 0 1 2 90
19 0 2 2 90
19 0 3 2 90
19 1 9 1 90
19 2 9 1 90
19 3 9 1 90
19 8 16 3 90
20 0 1 2 90
20 0 2 2 90
20 0 3 2 90
20 1 9 1 90
20 2 9 1 90
20 3 9 1 90
20 4 16 3 90
21 1 9 3 90
21 2 9 3 90
21 3 9 3 90
21 5 16 3 90
21 6 16 3 90
21 7 16 3 90
22 0 10 1 90
22 0 11 1 90
22 0 12 1 90
22 0 13 1 90
22 0 14 1 90
22 0 15 1 90
22 1 1 4 90
22 1 2 2 90
22 1 3 2 90
22 2 2 4 90
22 2 3 2 90
22 3 3 4 90
23 1 1 4 90
23 1 2 2 90
23 1 3 2 90
23 2 2 4 90
23 2 3 2 90
23 3 3 4 90
23 9 10 1 90
23 9 11 1 90
23 9 12 1 90
23 9 13 1 90
23 9 14 1 90
23 9 15 1 90
23 16 16 6 90
24 1 10 3 90
24 1 11 2 90
24 1 12 1 90
24 1 13 2 90
24 1 14 1 90
24 1 15 1 90
24 2 10 1 90
24 2 11 2 90
24 2 12 3 90
24 2 13 1 90
24 2 14 2 90
24 2 15 1 90
24 3 10 1 90
24 3 11 1 90
24 3 12 1 90
24 3 13 2 90
24 3 14 2 90
24 3 15 3 90
25 10 10 6 90
25 10 11 3 90
25 10 12 1 90
25 10 13 3 90
25 10 14 1 90
25 10 15 1 90
25 11 11 4 90
25 11 12 3 90
25 11 13 2 90
25 11 14 2 90
25 11 15 1 90
25 12 12 6 90
25 12 13 1 90
25 12 14 3 90
25 12 15 1 90
25 13 13 4 90
25 13 14 2 90
25 13 15 3 90
25 14 14 4 90
25 14 15 3 90
25 15 15 6 90
3
0 0 0 2 30
0 0 1 1 30
0 1 1 2 30
1 0 2 1 30
1 0 3 1 30
1 1 2 1 30
1 1 3 1 30
2 2 2 2 30
2 2 3 1 30
2 3 3 2 30
4 0 4 1 30
4 0 5 1 30
4 1 4 1 30
4 1 5 1 30
5 2 4 1 30
5 2 5 1 30
5 3 4 1 30
5 3 5 1 30
7 4 4 2 30
7 4 5 1 30
7 5 5 2 30
11 0 6 1 30
11 0 7 1 30
11 1 6 1 30
11 1 7 1 30
12 2 6 1 30
12 2 7 1 30
12 3 6 1 30
12 3 7 1 30
14 4 6 1 30
14 4 7 1 30
14 5 6 1 30
14 5 7 1 30
18 6 6 2 30
18 6 7 1 30
18 7 7 2 30
4
0 1 4 1 30
0 1 7 1 30
0 1 10 1 30
0 2 4 1 30
0 2 7 1 30
0 2 10 1 30
0 3 4 1 30
0 3 7 1 30
0 3 10 1 30
1 0 0 2 30
1 4 4 2 30
1 5 7 1 30
1 5 10 1 30
1 6 7 1 30
1 6 10 1 30
2 0 1 1 30
2 0 2 1 30
2 0 3 1 30
3 1 1 2 30
3 1 2 1 30
3 1 3 1 30
3 2 2 2 30
3 2 3 1 30
3 3 3 2 30
4 4 5 1 30
4 4 6 1 30
4 7 7 2 30
4 8 10 1 30
4 9 10 1 30
5 0 5 1 30
5 0 6 1 30
6 1 5 1 30
6 1 6 1 30
6 2 5 1 30
6 2 6 1 30
6 3 5 1 30
6 3 6 1 30
8 5 5 2 30
8 5 6 1 30
8 6 6 2 30
11 4 8 1 30
11 4 9 1 30
11 7 8 1 30
11 7 9 1 30
11 10 10 2 30
12 0 8 1 30
12 0 9 1 30
13 1 8 1 30
13 1 9 1 30
13 2 8 1 30
13 2 9 1 30
13 3 8 1 30
13 3 9 1 30
15 5 8 1 30
15 5 9 1 30
15 6 8 1 30
15 6 9 1 30
19 8 8 2 30
19 8 9 1 30
19 9 9 2 30
5
1 1 7 1 30
1 1 10 1 30
1 2 7 1 30
1 2 10 1 30
2 4 7 1 30
2 4 10 1 30
2 5 7 1 30
2 5 10 1 30
2 6 7 1 30
2 6 10 1 30
4 0 0 2 30
4 1 3 1 30
4 2 3 1 30
5 0 1 1 30
5 0 2 1 30
5 3 3 2 30
5 7 7 2 30
5 8 10 1 30
5 9 10 1 30
6 1 1 2 30
6 1 2 1 30
6 2 2 2 30
7 0 4 1 30
7 0 5 1 30
7 0 6 1 30
7 3 4 1 30
7 3 5 1 30
7 3 6 1 30
8 1 4 1 30
8 1 5 1 30
8 1 6 1 30
8 2 4 1 30
8 2 5 1 30
8 2 6 1 30
9 4 4 2 30
9 4 5 1 30
9 4 6 1 30
9 5 5 2 30
9 5 6 1 30
9 6 6 2 30
12 7 8 1 30
12 7 9 1 30
12 10 10 2 30
14 0 8 1 30
14 0 9 1 30
14 3 8 1 30
14 3 9 1 30
15 1 8 1 30
15 1 9 1 30
15 2 8 1 30
15 2 9 1 30
16 4 8 1 30
16 4 9 1 30
16 5 8 1 30
16 5 9 1 30
16 6 8 1 30
16 6 9 1 30
20 8 8 2 30
20 8 9 1 30
20 9 9 2 30
6
0 5 5 2 30
0 5 8 1 30
0 8 8 2 30
2 0 5 1 30
2 0 8 1 30
3 1 5 1 30
3 1 8 1 30
3 2 5 1 30
3 2 8 1 30
3 3 5 1 30
3 3 8 1 30
3 4 5 1 30
3 4 8 1 30
6 5 5 2 30
6 6 8 1 30
6 7 8 1 30
7 0 0 2 30
8 0 0 2 30
9 0 1 1 30
9 0 2 1 30
9 0 3 1 30
9 0 4 1 30
10 1 1 2 30
10 1 2 1 30
10 1 3 1 30
10 1 4 1 30
10 2 2 2 30
10 2 3 1 30
10 2 4 1 30
10 3 3 2 30
10 3 4 1 30
10 4 4 2 30
13 5 6 1 30
13 5 7 1 30
13 8 8 2 30
16 0 6 1 30
16 0 7 1 30
17 1 6 1 30
17 1 7 1 30
17 2 6 1 30
17 2 7 1 30
17 3 6 1 30
17 3 7 1 30
17 4 6 1 30
17 4 7 1 30
21 6 6 2 30
21 6 7 1 30
21 7 7 2 30
7
4 1 10 1 30
4 2 10 1 30
5 4 10 1 30
5 5 10 1 30
7 7 10 1 30
7 8 10 1 30
7 9 10 1 30
11 0 0 2 30
11 1 3 1 30
11 1 6 1 30
11 2 3 1 30
11 2 6 1 30
12 0 1 1 30
12 0 2 1 30
12 3 3 2 30
12 4 6 1 30
12 5 6 1 30
13 1 1 2 30
13 1 2 1 30
13 2 2 2 30
14 0 4 1 30
14 0 5 1 30
14 3 4 1 30
14 3 5 1 30
14 6 6 2 30
14 10 10 2 30
15 1 4 1 30
15 1 5 1 30
15 2 4 1 30
15 2 5 1 30
16 4 4 2 30
16 4 5 1 30
16 5 5 2 30
18 0 7 1 30
18 0 8 1 30
18 0 9 1 30
18 3 7 1 30
18 3 8 1 30
18 3 9 1 30
18 6 7 1 30
18 6 8 1 30
18 6 9 1 30
19 1 7 1 30
19 1 8 1 30
19 1 9 1 30
19 2 7 1 30
19 2 8 1 30
19 2 9 1 30
20 4 7 1 30
20 4 8 1 30
20 4 9 1 30
20 5 7 1 30
20 5 8 1 30
20 5 9 1 30
22 7 7 2 30
22 7 8 1 30
22 7 9 1 30
22 8 8 2 30
22 8 9 1 30
22 9 9 2 30
8
1 8 8 2 30
4 4 8 1 30
5 0 8 1 30
6 1 8 1 30
6 2 8 1 30
6 3 8 1 30
8 5 8 1 30
8 6 8 1 30
8 7 8 1 30
11 4 4 2 30
12 0 4 1 30
13 1 4 1 30
13 2 4 1 30
13 3 4 1 30
14 0 0 2 30
15 0 0 2 30
15 4 4 2 30
15 8 8 2 30
16 0 1 1 30
16 0 2 1 30
16 0 3 1 30
17 1 1 2 30
17 1 2 1 30
17 1 3 1 30
17 2 2 2 30
17 2 3 1 30
17 3 3 2 30
19 4 5 1 30
19 4 6 1 30
19 4 7 1 30
20 0 5 1 30
20 0 6 1 30
20 0 7 1 30
21 1 5 1 30
21 1 6 1 30
21 1 7 1 30
21 2 5 1 30
21 2 6 1 30
21 2 7 1 30
21 3 5 1 30
21 3 6 1 30
21 3 7 1 30
23 5 5 2 30
23 5 6 1 30
23 5 7 1 30
23 6 6 2 30
23 6 7 1 30
23 7 7 2 30
9
2 8 8 2 30
7 0 8 1 30
7 3 8 1 30
8 1 8 1 30
8 2 8 1 30
9 4 8 1 30
9 5 8 1 30
9 6 8 1 30
9 7 8 1 30
16 8 8 2 30
18 0 0 2 30
18 0 3 1 30
18 3 3 2 30
19 0 0 2 30
19 1 3 1 30
19 2 3 1 30
20 0 1 1 30
20 0 2 1 30
20 3 3 2 30
21 1 1 2 30
21 1 2 1 30
21 2 2 2 30
22 0 4 1 30
22 0 5 1 30
22 0 6 1 30
22 0 7 1 30
22 3 4 1 30
22 3 5 1 30
22 3 6 1 30
22 3 7 1 30
23 1 4 1 30
23 1 5 1 30
23 1 6 1 30
23 1 7 1 30
23 2 4 1 30
23 2 5 1 30
23 2 6 1 30
23 2 7 1 30
24 4 4 2 30
24 4 5 1 30
24 4 6 1 30
24 4 7 1 30
24 5 5 2 30
24 5 6 1 30
24 5 7 1 30
24 6 6 2 30
24 6 7 1 30
24 7 7 2 30
10
3 6 6 2 30
9 0 6 1 30
10 1 6 1 30
10 2 6 1 30
10 3 6 1 30
10 4 6 1 30
10 5 6 1 30
17 6 6 2 30
22 0 0 2 30
23 0 0 2 30
24 0 1 1 30
24 0 2 1 30
24 0 3 1 30
24 0 4 1 30
24 0 5 1 30
25 1 1 2 30
25 1 2 1 30
25 1 3 1 30
25 1 4 1 30
25 1 5 1 30
25 2 2 2 30
25 2 3 1 30
25 2 4 1 30
25 2 5 1 30
25 3 3 2 30
25 3 4 1 30
25 3 5 1 30
25 4 4 2 30
25 4 5 1 30
25 5 5 2 30
