0
0 4 23 4 140
0 4 24 3 140
0 4 25 2 140
0 4 26 1 140
0 5 23 1 140
0 5 24 2 140
0 5 25 3 140
0 5 26 4 140
0 6 22 10 140
0 9 22 10 140
0 10 10 12 140
0 10 11 6 140
0 10 12 2 140
0 11 11 8 140
0 11 12 6 140
0 12 12 12 140
1 2 22 4 140
1 3 22 4 140
1 4 10 6 140
1 4 11 4 140
1 4 12 2 140
1 5 10 2 140
1 5 11 4 140
1 5 12 6 140
1 6 6 12 140
1 7 9 6 140
1 8 9 6 140
1 10 19 3 140
1 10 20 1 140
1 11 19 2 140
1 11 20 2 140
1 12 19 1 140
1 12 20 3 140
1 13 23 1 140
1 13 24 1 140
1 13 25 1 140
1 13 26 1 140
1 14 22 4 140
2 2 7 6 140
2 2 8 3 140
2 3 7 3 140
2 3 8 6 140
2 4 19 6 140
2 4 20 3 140
2 5 19 3 140
2 5 20 6 140
2 6 14 9 140
2 9 15 3 140
2 9 16 3 140
2 9 17 3 140
2 10 13 3 140
2 10 22 1 140
2 10 27 1 140
2 11 13 3 140
2 11 22 1 140
2 11 27 1 140
2 12 13 3 140
2 12 22 1 140
2 12 27 1 140
2 22 22 2 140
3 2 15 6 140
3 2 16 4 140
3 2 17 2 140
3 3 15 2 140
3 3 16 4 140
3 3 17 6 140
3 4 27 4 140
3 5 27 4 140
3 6 22 4 140
3 7 10 3 140
3 7 11 2 140
3 7 12 1 140
3 8 10 1 140
3 8 11 2 140
3 8 12 3 140
3 9 23 1 140
3 9 24 1 140
3 9 25 1 140
3 9 26 1 140
3 13 19 6 140
3 13 20 6 140
3 14 14 12 140
4 2 23 4 140
4 2 24 3 140
4 2 25 2 140
4 2 26 1 140
4 3 23 1 140
4 3 24 2 140
4 3 25 3 140
4 3 26 4 140
4 10 15 6 140
4 10 16 3 140
4 10 17 1 140
4 11 15 3 140
4 11 16 4 140
4 11 17 3 140
4 12 15 1 140
4 12 16 3 140
4 12 17 6 140
4 13 27 10 140
4 14 22 10 140
5 10 23 10 140
5 10 24 6 140
5 10 25 3 140
5 10 26 1 140
5 11 23 4 140
5 11 24 6 140
5 11 25 6 140
5 11 26 4 140
5 12 23 1 140
5 12 24 3 140
5 12 25 6 140
5 12 26 10 140
5 22 22 20 140
6 0 22 4 140
6 1 22 4 140
6 4 10 6 140
6 4 11 4 140
6 4 12 2 140
6 5 10 2 140
6 5 11 4 140
6 5 12 6 140
6 6 7 6 140
6 6 8 6 140
6 9 9 12 140
6 10 19 3 140
6 10 20 1 140
6 11 19 2 140
6 11 20 2 140
6 12 19 1 140
6 12 20 3 140
6 18 22 4 140
6 21 23 1 140
6 21 24 1 140
6 21 25 1 140
6 21 26 1 140
7 0 6 6 140
7 1 6 6 140
7 2 9 6 140
7 3 9 6 140
7 4 4 8 140
7 4 5 4 140
7 5 5 8 140
7 7 14 3 140
7 7 18 3 140
7 7 22 1 140
7 8 14 3 140
7 8 18 3 140
7 8 22 1 140
7 10 13 2 140
7 10 21 2 140
7 11 13 2 140
7 11 21 2 140
7 12 13 2 140
7 12 21 2 140
7 19 19 4 140
7 19 20 2 140
7 19 22 1 140
7 20 20 4 140
7 20 22 1 140
8 0 14 6 140
8 1 14 6 140
8 2 2 8 140
8 2 3 4 140
8 3 3 8 140
8 4 13 6 140
8 5 13 6 140
8 6 7 3 140
8 6 8 3 140
8 7 19 2 140
8 7 20 1 140
8 7 22 1 140
8 8 19 1 140
8 8 20 2 140
8 8 22 1 140
8 9 10 2 140
8 9 11 2 140
8 9 12 2 140
8 15 18 2 140
8 16 18 2 140
8 17 18 2 140
8 19 21 3 140
8 19 27 1 140
8 20 21 3 140
8 20 27 1 140
9 0 22 4 140
9 1 22 4 140
9 2 10 6 140
9 2 11 4 140
9 2 12 2 140
9 3 10 2 140
9 3 11 4 140
9 3 12 6 140
9 7 14 6 140
9 8 14 6 140
9 13 13 12 140
9 15 19 3 140
9 15 20 1 140
9 16 19 2 140
9 16 20 2 140
9 17 19 1 140
9 17 20 3 140
9 18 23 1 140
9 18 24 1 140
9 18 25 1 140
9 18 26 1 140
9 21 27 4 140
10 7 22 10 140
10 8 22 10 140
10 10 10 12 140
10 10 11 6 140
10 10 12 2 140
10 11 11 8 140
10 11 12 6 140
10 12 12 12 140
10 19 23 4 140
10 19 24 3 140
10 19 25 2 140
10 19 26 1 140
10 20 23 1 140
10 20 24 2 140
10 20 25 3 140
10 20 26 4 140
11 0 7 6 140
11 0 8 3 140
11 1 7 3 140
11 1 8 6 140
11 4 19 6 140
11 4 20 3 140
11 5 19 3 140
11 5 20 6 140
11 6 15 3 140
11 6 16 3 140
11 6 17 3 140
11 9 18 9 140
11 10 21 3 140
11 10 27 1 140
11 11 21 3 140
11 11 27 1 140
11 12 21 3 140
11 12 27 1 140
11 15 22 1 140
11 16 22 1 140
11 17 22 1 140
11 22 27 1 140
12 0 0 8 140
12 0 1 4 140
12 1 1 8 140
12 2 18 6 140
12 3 18 6 140
12 4 21 6 140
12 5 21 6 140
12 6 15 2 140
12 6 16 2 140
12 6 17 2 140
12 7 7 4 140
12 7 8 2 140
12 7 27 1 140
12 8 8 4 140
12 8 27 1 140
12 9 19 3 140
12 9 20 3 140
12 13 19 3 140
12 13 20 3 140
12 14 15 2 140
12 14 16 2 140
12 14 17 2 140
12 19 27 1 140
12 20 27 1 140
13 0 7 6 140
13 0 8 3 140
13 1 7 3 140
13 1 8 6 140
13 2 19 6 140
13 2 20 3 140
13 3 19 3 140
13 3 20 6 140
13 10 18 3 140
13 11 18 3 140
13 12 18 3 140
13 13 21 9 140
13 14 15 3 140
13 14 16 3 140
13 14 17 3 140
13 15 22 1 140
13 15 27 1 140
13 16 22 1 140
13 16 27 1 140
13 17 22 1 140
13 17 27 1 140
13 27 27 2 140
14 7 7 12 140
14 7 8 6 140
14 8 8 12 140
14 10 19 9 140
14 10 20 3 140
14 11 19 6 140
14 11 20 6 140
14 12 19 3 140
14 12 20 9 140
14 15 22 4 140
14 16 22 4 140
14 17 22 4 140
14 23 27 1 140
14 24 27 1 140
14 25 27 1 140
14 26 27 1 140
15 0 15 6 140
15 0 16 4 140
15 0 17 2 140
15 1 15 2 140
15 1 16 4 140
15 1 17 6 140
15 4 27 4 140
15 5 27 4 140
15 6 23 1 140
15 6 24 1 140
15 6 25 1 140
15 6 26 1 140
15 7 15 3 140
15 7 16 2 140
15 7 17 1 140
15 8 15 1 140
15 8 16 2 140
15 8 17 3 140
15 9 27 4 140
15 18 18 12 140
15 19 21 6 140
15 20 21 6 140
16 0 15 6 140
16 0 16 4 140
16 0 17 2 140
16 1 15 2 140
16 1 16 4 140
16 1 17 6 140
16 2 27 4 140
16 3 27 4 140
16 7 15 3 140
16 7 16 2 140
16 7 17 1 140
16 8 15 1 140
16 8 16 2 140
16 8 17 3 140
16 13 27 4 140
16 14 23 1 140
16 14 24 1 140
16 14 25 1 140
16 14 26 1 140
16 18 19 6 140
16 18 20 6 140
16 21 21 12 140
17 7 15 9 140
17 7 16 6 140
17 7 17 3 140
17 8 15 3 140
17 8 16 6 140
17 8 17 9 140
17 10 27 4 140
17 11 27 4 140
17 12 27 4 140
17 19 19 12 140
17 19 20 6 140
17 20 20 12 140
17 22 23 1 140
17 22 24 1 140
17 22 25 1 140
17 22 26 1 140
18 0 23 4 140
18 0 24 3 140
18 0 25 2 140
18 0 26 1 140
18 1 23 1 140
18 1 24 2 140
18 1 25 3 140
18 1 26 4 140
18 15 15 12 140
18 15 16 6 140
18 15 17 2 140
18 16 16 8 140
18 16 17 6 140
18 17 17 12 140
18 18 27 10 140
18 21 27 10 140
19 7 23 4 140
19 7 24 3 140
19 7 25 2 140
19 7 26 1 140
19 8 23 1 140
19 8 24 2 140
19 8 25 3 140
19 8 26 4 140
19 15 15 12 140
19 15 16 6 140
19 15 17 2 140
19 16 16 8 140
19 16 17 6 140
19 17 17 12 140
19 19 27 10 140
19 20 27 10 140
20 15 23 10 140
20 15 24 6 140
20 15 25 3 140
20 15 26 1 140
20 16 23 4 140
20 16 24 6 140
20 16 25 6 140
20 16 26 4 140
20 17 23 1 140
20 17 24 3 140
20 17 25 6 140
20 17 26 10 140
20 27 27 20 140
21 23 23 20 140
21 23 24 10 140
21 23 25 4 140
21 23 26 1 140
21 24 24 12 140
21 24 25 9 140
21 24 26 4 140
21 25 25 12 140
21 25 26 10 140
21 26 26 20 140
1
0 12 12 6 210
0 12 13 3 210
0 12 14 1 210
0 13 13 4 210
0 13 14 3 210
0 14 14 6 210
1 0 12 3 210
1 0 13 2 210
1 0 14 1 210
1 1 12 1 210
1 1 13 2 210
1 1 14 3 210
1 2 12 3 210
1 2 13 2 210
1 2 14 1 210
1 4 12 1 210
1 4 13 2 210
1 4 14 3 210
2 0 0 4 210
2 0 1 2 210
2 0 2 2 210
2 0 4 1 210
2 1 1 4 210
2 1 2 1 210
2 1 4 2 210
2 2 2 4 210
2 2 4 2 210
2 4 4 4 210
2 12 15 1 210
2 12 16 1 210
2 12 17 1 210
2 13 15 1 210
2 13 16 1 210
2 13 17 1 210
2 14 15 1 210
2 14 16 1 210
2 14 17 1 210
3 0 15 3 210
3 0 16 2 210
3 0 17 1 210
3 1 15 3 210
3 1 16 2 210
3 1 17 1 210
3 2 15 1 210
3 2 16 2 210
3 2 17 3 210
3 4 15 1 210
3 4 16 2 210
3 4 17 3 210
4 15 15 6 210
4 15 16 3 210
4 15 17 1 210
4 16 16 4 210
4 16 17 3 210
4 17 17 6 210
6 3 12 3 210
6 3 13 2 210
6 3 14 1 210
6 5 12 1 210
6 5 13 2 210
6 5 14 3 210
6 8 12 3 210
6 8 13 2 210
6 8 14 1 210
6 9 12 1 210
6 9 13 2 210
6 9 14 3 210
7 0 3 2 210
7 0 5 1 210
7 0 8 2 210
7 0 9 1 210
7 1 3 1 210
7 1 5 2 210
7 1 8 1 210
7 1 9 2 210
7 2 3 2 210
7 2 5 1 210
7 2 8 2 210
7 2 9 1 210
7 3 4 1 210
7 4 5 2 210
7 4 8 1 210
7 4 9 2 210
7 6 12 1 210
7 6 13 1 210
7 6 14 1 210
7 7 12 1 210
7 7 13 1 210
7 7 14 1 210
7 10 12 1 210
7 10 13 1 210
7 10 14 1 210
7 11 12 1 210
7 11 13 1 210
7 11 14 1 210
8 0 6 2 210
8 0 7 1 210
8 0 10 2 210
8 0 11 1 210
8 1 6 2 210
8 1 7 1 210
8 1 10 2 210
8 1 11 1 210
8 2 6 1 210
8 2 7 2 210
8 2 10 1 210
8 2 11 2 210
8 3 15 1 210
8 3 16 1 210
8 3 17 1 210
8 4 6 1 210
8 4 7 2 210
8 4 10 1 210
8 4 11 2 210
8 5 15 1 210
8 5 16 1 210
8 5 17 1 210
8 8 15 1 210
8 8 16 1 210
8 8 17 1 210
8 9 15 1 210
8 9 16 1 210
8 9 17 1 210
9 6 15 3 210
9 6 16 2 210
9 6 17 1 210
9 7 15 1 210
9 7 16 2 210
9 7 17 3 210
9 10 15 3 210
9 10 16 2 210
9 10 17 1 210
9 11 15 1 210
9 11 16 2 210
9 11 17 3 210
11 3 3 4 210
11 3 5 2 210
11 3 8 2 210
11 3 9 1 210
11 5 5 4 210
11 5 8 1 210
11 5 9 2 210
11 8 8 4 210
11 8 9 2 210
11 9 9 4 210
11 12 18 1 210
11 12 19 1 210
11 12 20 1 210
11 13 18 1 210
11 13 19 1 210
11 13 20 1 210
11 14 18 1 210
11 14 19 1 210
11 14 20 1 210
12 0 18 1 210
12 0 19 1 210
12 0 20 1 210
12 1 18 1 210
12 1 19 1 210
12 1 20 1 210
12 2 18 1 210
12 2 19 1 210
12 2 20 1 210
12 3 6 2 210
12 3 7 2 210
12 3 10 1 210
12 3 11 1 210
12 4 18 1 210
12 4 19 1 210
12 4 20 1 210
12 5 6 2 210
12 5 7 2 210
12 5 10 1 210
12 5 11 1 210
12 6 8 1 210
12 6 9 1 210
12 7 8 1 210
12 7 9 1 210
12 8 10 2 210
12 8 11 2 210
12 9 10 2 210
12 9 11 2 210
13 6 6 4 210
13 6 7 2 210
13 6 10 2 210
13 6 11 1 210
13 7 7 4 210
13 7 10 1 210
13 7 11 2 210
13 10 10 4 210
13 10 11 2 210
13 11 11 4 210
13 15 18 1 210
13 15 19 1 210
13 15 20 1 210
13 16 18 1 210
13 16 19 1 210
13 16 20 1 210
13 17 18 1 210
13 17 19 1 210
13 17 20 1 210
15 3 18 3 210
15 3 19 2 210
15 3 20 1 210
15 5 18 3 210
15 5 19 2 210
15 5 20 1 210
15 8 18 1 210
15 8 19 2 210
15 8 20 3 210
15 9 18 1 210
15 9 19 2 210
15 9 20 3 210
16 6 18 3 210
16 6 19 2 210
16 6 20 1 210
16 7 18 3 210
16 7 19 2 210
16 7 20 1 210
16 10 18 1 210
16 10 19 2 210
16 10 20 3 210
16 11 18 1 210
16 11 19 2 210
16 11 20 3 210
18 18 18 6 210
18 18 19 3 210
18 18 20 1 210
18 19 19 4 210
18 19 20 3 210
18 20 20 6 210
2
0 3 22 3 210
0 3 23 2 210
0 3 24 1 210
0 3 25 2 210
0 3 26 1 210
0 3 27 1 210
0 6 22 1 210
0 6 23 2 210
0 6 24 3 210
0 6 25 1 210
0 6 26 2 210
0 6 27 1 210
0 8 22 1 210
0 8 23 1 210
0 8 24 1 210
0 8 25 2 210
0 8 26 2 210
0 8 27 3 210
0 13 22 3 210
0 13 23 2 210
0 13 24 1 210
0 13 25 2 210
0 13 26 1 210
0 13 27 1 210
0 15 22 1 210
0 15 23 2 210
0 15 24 3 210
0 15 25 1 210
0 15 26 2 210
0 15 27 1 210
0 18 22 1 210
0 18 23 1 210
0 18 24 1 210
0 18 25 2 210
0 18 26 2 210
0 18 27 3 210
1 3 3 4 210
1 3 6 2 210
1 3 8 2 210
1 5 13 2 210
1 5 15 1 210
1 5 18 1 210
1 6 6 4 210
1 6 8 2 210
1 7 13 1 210
1 7 15 2 210
1 7 18 1 210
1 8 8 4 210
1 9 13 1 210
1 9 15 1 210
1 9 18 2 210
1 12 13 2 210
1 12 15 1 210
1 12 18 1 210
1 13 14 1 210
1 13 16 1 210
1 14 15 2 210
1 14 18 1 210
1 15 16 1 210
1 16 18 2 210
1 19 22 1 210
1 19 23 1 210
1 19 24 1 210
1 19 25 1 210
1 19 26 1 210
1 19 27 1 210
1 20 22 1 210
1 20 23 1 210
1 20 24 1 210
1 20 25 1 210
1 20 26 1 210
1 20 27 1 210
1 21 21 6 210
1 22 28 1 210
1 23 28 1 210
1 24 28 1 210
1 25 28 1 210
1 26 28 1 210
1 27 28 1 210
2 0 21 3 210
2 1 21 3 210
2 2 21 3 210
2 3 28 3 210
2 5 19 2 210
2 5 20 1 210
2 6 28 3 210
2 7 19 2 210
2 7 20 1 210
2 8 28 3 210
2 9 19 2 210
2 9 20 1 210
2 12 19 1 210
2 12 20 2 210
2 13 29 1 210
2 13 30 1 210
2 13 31 1 210
2 14 19 1 210
2 14 20 2 210
2 15 29 1 210
2 15 30 1 210
2 15 31 1 210
2 16 19 1 210
2 16 20 2 210
2 18 29 1 210
2 18 30 1 210
2 18 31 1 210
3 0 0 4 210
3 0 1 2 210
3 0 2 2 210
3 1 1 4 210
3 1 2 2 210
3 2 2 4 210
3 19 29 3 210
3 19 30 2 210
3 19 31 1 210
3 20 29 1 210
3 20 30 2 210
3 20 31 3 210
3 21 22 1 210
3 21 23 1 210
3 21 24 1 210
3 21 25 1 210
3 21 26 1 210
3 21 27 1 210
3 28 28 6 210
4 0 22 3 210
4 0 23 2 210
4 0 24 1 210
4 0 25 2 210
4 0 26 1 210
4 0 27 1 210
4 1 22 1 210
4 1 23 2 210
4 1 24 3 210
4 1 25 1 210
4 1 26 2 210
4 1 27 1 210
4 2 22 1 210
4 2 23 1 210
4 2 24 1 210
4 2 25 2 210
4 2 26 2 210
4 2 27 3 210
5 22 22 6 210
5 22 23 3 210
5 22 24 1 210
5 22 25 3 210
5 22 26 1 210
5 22 27 1 210
5 23 23 4 210
5 23 24 3 210
5 23 25 2 210
5 23 26 2 210
5 23 27 1 210
5 24 24 6 210
5 24 25 1 210
5 24 26 3 210
5 24 27 1 210
5 25 25 4 210
5 25 26 2 210
5 25 27 3 210
5 26 26 4 210
5 26 27 3 210
5 27 27 6 210
6 3 5 2 210
6 3 7 1 210
6 3 9 1 210
6 3 12 2 210
6 3 14 1 210
6 3 16 1 210
6 5 6 1 210
6 5 8 1 210
6 6 7 2 210
6 6 9 1 210
6 6 12 1 210
6 6 14 2 210
6 6 16 1 210
6 7 8 1 210
6 8 9 2 210
6 8 12 1 210
6 8 14 1 210
6 8 16 2 210
6 10 22 1 210
6 10 23 1 210
6 10 24 1 210
6 10 25 1 210
6 10 26 1 210
6 10 27 1 210
6 13 13 4 210
6 13 15 2 210
6 13 18 2 210
6 15 15 4 210
6 15 18 2 210
6 17 22 1 210
6 17 23 1 210
6 17 24 1 210
6 17 25 1 210
6 17 26 1 210
6 17 27 1 210
6 18 18 4 210
6 22 32 1 210
6 23 32 1 210
6 24 32 1 210
6 25 32 1 210
6 26 32 1 210
6 27 32 1 210
7 3 10 2 210
7 3 17 2 210
7 4 21 3 210
7 5 28 1 210
7 5 32 1 210
7 6 10 2 210
7 6 17 2 210
7 7 28 1 210
7 7 32 1 210
7 8 10 2 210
7 8 17 2 210
7 9 28 1 210
7 9 32 1 210
7 11 21 3 210
7 12 28 1 210
7 12 32 1 210
7 13 19 2 210
7 13 20 2 210
7 14 28 1 210
7 14 32 1 210
7 15 19 2 210
7 15 20 2 210
7 16 28 1 210
7 16 32 1 210
7 18 19 2 210
7 18 20 2 210
8 0 4 2 210
8 0 11 2 210
8 1 4 2 210
8 1 11 2 210
8 2 4 2 210
8 2 11 2 210
8 5 21 1 210
8 7 21 1 210
8 9 21 1 210
8 10 28 3 210
8 12 21 1 210
8 14 21 1 210
8 16 21 1 210
8 17 28 3 210
8 19 19 4 210
8 19 20 2 210
8 20 20 4 210
8 29 32 1 210
8 30 32 1 210
8 31 32 1 210
9 0 5 2 210
9 0 7 1 210
9 0 9 1 210
9 0 12 2 210
9 0 14 1 210
9 0 16 1 210
9 1 5 1 210
9 1 7 2 210
9 1 9 1 210
9 1 12 1 210
9 1 14 2 210
9 1 16 1 210
9 2 5 1 210
9 2 7 1 210
9 2 9 2 210
9 2 12 1 210
9 2 14 1 210
9 2 16 2 210
9 4 22 1 210
9 4 23 1 210
9 4 24 1 210
9 4 25 1 210
9 4 26 1 210
9 4 27 1 210
9 11 22 1 210
9 11 23 1 210
9 11 24 1 210
9 11 25 1 210
9 11 26 1 210
9 11 27 1 210
10 5 22 3 210
10 5 23 2 210
10 5 24 1 210
10 5 25 2 210
10 5 26 1 210
10 5 27 1 210
10 7 22 1 210
10 7 23 2 210
10 7 24 3 210
10 7 25 1 210
10 7 26 2 210
10 7 27 1 210
10 9 22 1 210
10 9 23 1 210
10 9 24 1 210
10 9 25 2 210
10 9 26 2 210
10 9 27 3 210
10 12 22 3 210
10 12 23 2 210
10 12 24 1 210
10 12 25 2 210
10 12 26 1 210
10 12 27 1 210
10 14 22 1 210
10 14 23 2 210
10 14 24 3 210
10 14 25 1 210
10 14 26 2 210
10 14 27 1 210
10 16 22 1 210
10 16 23 1 210
10 16 24 1 210
10 16 25 2 210
10 16 26 2 210
10 16 27 3 210
11 3 29 1 210
11 3 30 1 210
11 3 31 1 210
11 5 10 2 210
11 5 17 1 210
11 6 29 1 210
11 6 30 1 210
11 6 31 1 210
11 7 10 2 210
11 7 17 1 210
11 8 29 1 210
11 8 30 1 210
11 8 31 1 210
11 9 10 2 210
11 9 17 1 210
11 10 12 1 210
11 10 14 1 210
11 10 16 1 210
11 12 17 2 210
11 13 32 3 210
11 14 17 2 210
11 15 32 3 210
11 16 17 2 210
11 18 32 3 210
12 4 4 4 210
12 4 11 2 210
12 10 10 4 210
12 10 17 2 210
12 11 11 4 210
12 17 17 4 210
12 19 32 3 210
12 20 32 3 210
12 21 29 1 210
12 21 30 1 210
12 21 31 1 210
12 28 29 1 210
12 28 30 1 210
12 28 31 1 210
13 0 29 1 210
13 0 30 1 210
13 0 31 1 210
13 1 29 1 210
13 1 30 1 210
13 1 31 1 210
13 2 29 1 210
13 2 30 1 210
13 2 31 1 210
13 4 5 2 210
13 4 7 2 210
13 4 9 2 210
13 4 12 1 210
13 4 14 1 210
13 4 16 1 210
13 5 11 1 210
13 7 11 1 210
13 9 11 1 210
13 11 12 2 210
13 11 14 2 210
13 11 16 2 210
14 5 5 4 210
14 5 7 2 210
14 5 9 2 210
14 5 12 2 210
14 5 14 1 210
14 5 16 1 210
14 7 7 4 210
14 7 9 2 210
14 7 12 1 210
14 7 14 2 210
14 7 16 1 210
14 9 9 4 210
14 9 12 1 210
14 9 14 1 210
14 9 16 2 210
14 12 12 4 210
14 12 14 2 210
14 12 16 2 210
14 14 14 4 210
14 14 16 2 210
14 16 16 4 210
14 22 29 1 210
14 22 30 1 210
14 22 31 1 210
14 23 29 1 210
14 23 30 1 210
14 23 31 1 210
14 24 29 1 210
14 24 30 1 210
14 24 31 1 210
14 25 29 1 210
14 25 30 1 210
14 25 31 1 210
14 26 29 1 210
14 26 30 1 210
14 26 31 1 210
14 27 29 1 210
14 27 30 1 210
14 27 31 1 210
15 10 29 3 210
15 10 30 2 210
15 10 31 1 210
15 17 29 1 210
15 17 30 2 210
15 17 31 3 210
15 32 32 6 210
16 4 29 3 210
16 4 30 2 210
16 4 31 1 210
16 11 29 1 210
16 11 30 2 210
16 11 31 3 210
17 5 29 3 210
17 5 30 2 210
17 5 31 1 210
17 7 29 3 210
17 7 30 2 210
17 7 31 1 210
17 9 29 3 210
17 9 30 2 210
17 9 31 1 210
17 12 29 1 210
17 12 30 2 210
17 12 31 3 210
17 14 29 1 210
17 14 30 2 210
17 14 31 3 210
17 16 29 1 210
17 16 30 2 210
17 16 31 3 210
19 29 29 6 210
19 29 30 3 210
19 29 31 1 210
19 30 30 4 210
19 30 31 3 210
19 31 31 6 210
3
1 14 22 3 210
1 14 23 2 210
1 14 24 1 210
1 17 22 1 210
1 17 23 2 210
1 17 24 3 210
2 4 14 2 210
2 4 17 1 210
2 6 14 1 210
2 6 17 2 210
2 9 14 2 210
2 9 17 1 210
2 10 14 1 210
2 10 17 2 210
2 13 14 2 210
2 13 17 1 210
2 14 15 1 210
2 15 17 2 210
2 18 22 1 210
2 18 23 1 210
2 18 24 1 210
2 19 22 1 210
2 19 23 1 210
2 19 24 1 210
2 20 22 1 210
2 20 23 1 210
2 20 24 1 210
3 4 18 2 210
3 4 19 1 210
3 4 20 1 210
3 6 18 2 210
3 6 19 1 210
3 6 20 1 210
3 9 18 1 210
3 9 19 2 210
3 9 20 1 210
3 10 18 1 210
3 10 19 2 210
3 10 20 1 210
3 13 18 1 210
3 13 19 1 210
3 13 20 2 210
3 14 26 1 210
3 14 27 1 210
3 14 28 1 210
3 14 29 1 210
3 14 30 1 210
3 14 31 1 210
3 15 18 1 210
3 15 19 1 210
3 15 20 2 210
3 17 26 1 210
3 17 27 1 210
3 17 28 1 210
3 17 29 1 210
3 17 30 1 210
3 17 31 1 210
4 18 26 3 210
4 18 27 2 210
4 18 28 1 210
4 18 29 2 210
4 18 30 1 210
4 18 31 1 210
4 19 26 1 210
4 19 27 2 210
4 19 28 3 210
4 19 29 1 210
4 19 30 2 210
4 19 31 1 210
4 20 26 1 210
4 20 27 1 210
4 20 28 1 210
4 20 29 2 210
4 20 30 2 210
4 20 31 3 210
6 2 22 3 210
6 2 23 2 210
6 2 24 1 210
6 5 22 1 210
6 5 23 2 210
6 5 24 3 210
6 21 21 6 210
7 0 21 3 210
7 1 21 3 210
7 2 2 4 210
7 2 5 2 210
7 5 5 4 210
7 14 14 4 210
7 14 17 2 210
7 17 17 4 210
7 22 25 1 210
7 22 32 1 210
7 23 25 1 210
7 23 32 1 210
7 24 25 1 210
7 24 32 1 210
8 0 0 4 210
8 0 1 2 210
8 1 1 4 210
8 2 25 3 210
8 4 32 1 210
8 5 25 3 210
8 6 32 1 210
8 9 32 1 210
8 10 32 1 210
8 13 32 1 210
8 14 18 2 210
8 14 19 2 210
8 14 20 2 210
8 15 32 1 210
8 17 18 2 210
8 17 19 2 210
8 17 20 2 210
8 21 22 1 210
8 21 23 1 210
8 21 24 1 210
9 0 22 3 210
9 0 23 2 210
9 0 24 1 210
9 1 22 1 210
9 1 23 2 210
9 1 24 3 210
9 18 18 4 210
9 18 19 2 210
9 18 20 2 210
9 19 19 4 210
9 19 20 2 210
9 20 20 4 210
9 25 25 6 210
9 26 32 1 210
9 27 32 1 210
9 28 32 1 210
9 29 32 1 210
9 30 32 1 210
9 31 32 1 210
10 22 22 6 210
10 22 23 3 210
10 22 24 1 210
10 23 23 4 210
10 23 24 3 210
10 24 24 6 210
11 2 4 2 210
11 2 6 1 210
11 2 9 2 210
11 2 10 1 210
11 2 13 2 210
11 2 15 1 210
11 3 21 3 210
11 4 5 1 210
11 5 6 2 210
11 5 9 1 210
11 5 10 2 210
11 5 13 1 210
11 5 15 2 210
11 7 22 1 210
11 7 23 1 210
11 7 24 1 210
11 8 21 3 210
11 11 22 1 210
11 11 23 1 210
11 11 24 1 210
11 12 21 3 210
11 16 22 1 210
11 16 23 1 210
11 16 24 1 210
12 0 3 2 210
12 0 8 2 210
12 0 12 2 210
12 1 3 2 210
12 1 8 2 210
12 1 12 2 210
12 2 7 2 210
12 2 11 2 210
12 2 16 2 210
12 4 21 1 210
12 4 25 1 210
12 5 7 2 210
12 5 11 2 210
12 5 16 2 210
12 6 21 1 210
12 6 25 1 210
12 9 21 1 210
12 9 25 1 210
12 10 21 1 210
12 10 25 1 210
12 13 21 1 210
12 13 25 1 210
12 14 32 3 210
12 15 21 1 210
12 15 25 1 210
12 17 32 3 210
13 0 4 2 210
13 0 6 1 210
13 0 9 2 210
13 0 10 1 210
13 0 13 2 210
13 0 15 1 210
13 1 4 1 210
13 1 6 2 210
13 1 9 1 210
13 1 10 2 210
13 1 13 1 210
13 1 15 2 210
13 3 22 1 210
13 3 23 1 210
13 3 24 1 210
13 7 25 3 210
13 8 22 1 210
13 8 23 1 210
13 8 24 1 210
13 11 25 3 210
13 12 22 1 210
13 12 23 1 210
13 12 24 1 210
13 16 25 3 210
13 18 32 3 210
13 19 32 3 210
13 20 32 3 210
14 4 22 3 210
14 4 23 2 210
14 4 24 1 210
14 6 22 1 210
14 6 23 2 210
14 6 24 3 210
14 9 22 3 210
14 9 23 2 210
14 9 24 1 210
14 10 22 1 210
14 10 23 2 210
14 10 24 3 210
14 13 22 3 210
14 13 23 2 210
14 13 24 1 210
14 15 22 1 210
14 15 23 2 210
14 15 24 3 210
15 2 26 1 210
15 2 27 1 210
15 2 28 1 210
15 2 29 1 210
15 2 30 1 210
15 2 31 1 210
15 3 3 4 210
15 3 8 2 210
15 3 12 2 210
15 4 7 2 210
15 4 11 1 210
15 4 16 1 210
15 5 26 1 210
15 5 27 1 210
15 5 28 1 210
15 5 29 1 210
15 5 30 1 210
15 5 31 1 210
15 6 7 2 210
15 6 11 1 210
15 6 16 1 210
15 7 9 1 210
15 7 10 1 210
15 7 13 1 210
15 7 15 1 210
15 8 8 4 210
15 8 12 2 210
15 9 11 2 210
15 9 16 1 210
15 10 11 2 210
15 10 16 1 210
15 11 13 1 210
15 11 15 1 210
15 12 12 4 210
15 13 16 2 210
15 15 16 2 210
15 21 26 1 210
15 21 27 1 210
15 21 28 1 210
15 21 29 1 210
15 21 30 1 210
15 21 31 1 210
16 0 26 1 210
16 0 27 1 210
16 0 28 1 210
16 0 29 1 210
16 0 30 1 210
16 0 31 1 210
16 1 26 1 210
16 1 27 1 210
16 1 28 1 210
16 1 29 1 210
16 1 30 1 210
16 1 31 1 210
16 3 4 2 210
16 3 6 2 210
16 3 9 1 210
16 3 10 1 210
16 3 13 1 210
16 3 15 1 210
16 4 8 1 210
16 4 12 1 210
16 6 8 1 210
16 6 12 1 210
16 7 7 4 210
16 7 11 2 210
16 7 16 2 210
16 8 9 2 210
16 8 10 2 210
16 8 13 1 210
16 8 15 1 210
16 9 12 1 210
16 10 12 1 210
16 11 11 4 210
16 11 16 2 210
16 12 13 2 210
16 12 15 2 210
16 16 16 4 210
16 25 26 1 210
16 25 27 1 210
16 25 28 1 210
16 25 29 1 210
16 25 30 1 210
16 25 31 1 210
16 32 32 6 210
17 4 4 4 210
17 4 6 2 210
17 4 9 2 210
17 4 10 1 210
17 4 13 2 210
17 4 15 1 210
17 6 6 4 210
17 6 9 1 210
17 6 10 2 210
17 6 13 1 210
17 6 15 2 210
17 9 9 4 210
17 9 10 2 210
17 9 13 2 210
17 9 15 1 210
17 10 10 4 210
17 10 13 1 210
17 10 15 2 210
17 13 13 4 210
17 13 15 2 210
17 15 15 4 210
17 22 26 1 210
17 22 27 1 210
17 22 28 1 210
17 22 29 1 210
17 22 30 1 210
17 22 31 1 210
17 23 26 1 210
17 23 27 1 210
17 23 28 1 210
17 23 29 1 210
17 23 30 1 210
17 23 31 1 210
17 24 26 1 210
17 24 27 1 210
17 24 28 1 210
17 24 29 1 210
17 24 30 1 210
17 24 31 1 210
18 3 26 3 210
18 3 27 2 210
18 3 28 1 210
18 3 29 2 210
18 3 30 1 210
18 3 31 1 210
18 7 26 3 210
18 7 27 2 210
18 7 28 1 210
18 7 29 2 210
18 7 30 1 210
18 7 31 1 210
18 8 26 1 210
18 8 27 2 210
18 8 28 3 210
18 8 29 1 210
18 8 30 2 210
18 8 31 1 210
18 11 26 1 210
18 11 27 2 210
18 11 28 3 210
18 11 29 1 210
18 11 30 2 210
18 11 31 1 210
18 12 26 1 210
18 12 27 1 210
18 12 28 1 210
18 12 29 2 210
18 12 30 2 210
18 12 31 3 210
18 16 26 1 210
18 16 27 1 210
18 16 28 1 210
18 16 29 2 210
18 16 30 2 210
18 16 31 3 210
19 4 26 3 210
19 4 27 2 210
19 4 28 1 210
19 4 29 2 210
19 4 30 1 210
19 4 31 1 210
19 6 26 3 210
19 6 27 2 210
19 6 28 1 210
19 6 29 2 210
19 6 30 1 210
19 6 31 1 210
19 9 26 1 210
19 9 27 2 210
19 9 28 3 210
19 9 29 1 210
19 9 30 2 210
19 9 31 1 210
19 10 26 1 210
19 10 27 2 210
19 10 28 3 210
19 10 29 1 210
19 10 30 2 210
19 10 31 1 210
19 13 26 1 210
19 13 27 1 210
19 13 28 1 210
19 13 29 2 210
19 13 30 2 210
19 13 31 3 210
19 15 26 1 210
19 15 27 1 210
19 15 28 1 210
19 15 29 2 210
19 15 30 2 210
19 15 31 3 210
20 26 26 6 210
20 26 27 3 210
20 26 28 1 210
20 26 29 3 210
20 26 30 1 210
20 26 31 1 210
20 27 27 4 210
20 27 28 3 210
20 27 29 2 210
20 27 30 2 210
20 27 31 1 210
20 28 28 6 210
20 28 29 1 210
20 28 30 3 210
20 28 31 1 210
20 29 29 4 210
20 29 30 2 210
20 29 31 3 210
20 30 30 4 210
20 30 31 3 210
20 31 31 6 210
4
0 6 6 4 210
0 6 7 2 210
0 6 8 2 210
0 6 9 2 210
0 7 7 4 210
0 7 8 2 210
0 7 9 2 210
0 8 8 4 210
0 8 9 2 210
0 9 9 4 210
0 10 12 1 210
0 10 13 1 210
0 10 14 1 210
0 10 15 1 210
0 10 16 1 210
0 10 17 1 210
0 10 18 1 210
0 10 19 1 210
0 10 20 1 210
0 10 21 1 210
1 6 10 2 210
1 6 22 1 210
1 7 10 2 210
1 7 22 1 210
1 8 10 2 210
1 8 22 1 210
1 9 10 2 210
1 9 22 1 210
2 5 11 3 210
2 10 22 3 210
3 1 5 2 210
3 2 5 2 210
3 3 5 2 210
3 4 5 2 210
3 6 11 1 210
3 7 11 1 210
3 8 11 1 210
3 9 11 1 210
4 1 6 2 210
4 1 7 1 210
4 1 8 1 210
4 1 9 1 210
4 2 6 1 210
4 2 7 2 210
4 2 8 1 210
4 2 9 1 210
4 3 6 1 210
4 3 7 1 210
4 3 8 2 210
4 3 9 1 210
4 4 6 1 210
4 4 7 1 210
4 4 8 1 210
4 4 9 2 210
4 5 12 1 210
4 5 13 1 210
4 5 14 1 210
4 5 15 1 210
4 5 16 1 210
4 5 17 1 210
4 5 18 1 210
4 5 19 1 210
4 5 20 1 210
4 5 21 1 210
5 6 12 3 210
5 6 13 2 210
5 6 14 1 210
5 6 15 2 210
5 6 16 1 210
5 6 17 1 210
5 6 18 2 210
5 6 19 1 210
5 6 20 1 210
5 6 21 1 210
5 7 12 1 210
5 7 13 2 210
5 7 14 3 210
5 7 15 1 210
5 7 16 2 210
5 7 17 1 210
5 7 18 1 210
5 7 19 2 210
5 7 20 1 210
5 7 21 1 210
5 8 12 1 210
5 8 13 1 210
5 8 14 1 210
5 8 15 2 210
5 8 16 2 210
5 8 17 3 210
5 8 18 1 210
5 8 19 1 210
5 8 20 2 210
5 8 21 1 210
5 9 12 1 210
5 9 13 1 210
5 9 14 1 210
5 9 15 1 210
5 9 16 1 210
5 9 17 1 210
5 9 18 2 210
5 9 19 2 210
5 9 20 2 210
5 9 21 3 210
6 6 10 2 210
6 6 22 1 210
6 7 10 2 210
6 7 22 1 210
6 8 10 2 210
6 8 22 1 210
6 9 10 2 210
6 9 22 1 210
7 10 10 4 210
7 22 22 2 210
8 5 5 4 210
8 11 22 1 210
9 1 22 1 210
9 2 22 1 210
9 3 22 1 210
9 4 22 1 210
9 5 6 2 210
9 5 7 2 210
9 5 8 2 210
9 5 9 2 210
10 6 6 4 210
10 6 7 2 210
10 6 8 2 210
10 6 9 2 210
10 7 7 4 210
10 7 8 2 210
10 7 9 2 210
10 8 8 4 210
10 8 9 2 210
10 9 9 4 210
10 12 22 1 210
10 13 22 1 210
10 14 22 1 210
10 15 22 1 210
10 16 22 1 210
10 17 22 1 210
10 18 22 1 210
10 19 22 1 210
10 20 22 1 210
10 21 22 1 210
11 0 11 3 210
11 10 22 3 210
12 0 0 4 210
12 11 11 2 210
13 0 11 3 210
13 5 22 3 210
14 6 22 3 210
14 7 22 3 210
14 8 22 3 210
14 9 22 3 210
14 11 11 6 210
15 0 1 2 210
15 0 2 2 210
15 0 3 2 210
15 0 4 2 210
15 1 11 1 210
15 2 11 1 210
15 3 11 1 210
15 4 11 1 210
16 0 1 2 210
16 0 2 2 210
16 0 3 2 210
16 0 4 2 210
16 1 11 1 210
16 2 11 1 210
16 3 11 1 210
16 4 11 1 210
17 1 11 3 210
17 2 11 3 210
17 3 11 3 210
17 4 11 3 210
17 22 22 6 210
18 0 12 1 210
18 0 13 1 210
18 0 14 1 210
18 0 15 1 210
18 0 16 1 210
18 0 17 1 210
18 0 18 1 210
18 0 19 1 210
18 0 20 1 210
18 0 21 1 210
18 1 1 4 210
18 1 2 2 210
18 1 3 2 210
18 1 4 2 210
18 2 2 4 210
18 2 3 2 210
18 2 4 2 210
18 3 3 4 210
18 3 4 2 210
18 4 4 4 210
19 1 1 4 210
19 1 2 2 210
19 1 3 2 210
19 1 4 2 210
19 2 2 4 210
19 2 3 2 210
19 2 4 2 210
19 3 3 4 210
19 3 4 2 210
19 4 4 4 210
19 11 12 1 210
19 11 13 1 210
19 11 14 1 210
19 11 15 1 210
19 11 16 1 210
19 11 17 1 210
19 11 18 1 210
19 11 19 1 210
19 11 20 1 210
19 11 21 1 210
20 1 12 3 210
20 1 13 2 210
20 1 14 1 210
20 1 15 2 210
20 1 16 1 210
20 1 17 1 210
20 1 18 2 210
20 1 19 1 210
20 1 20 1 210
20 1 21 1 210
20 2 12 1 210
20 2 13 2 210
20 2 14 3 210
20 2 15 1 210
20 2 16 2 210
20 2 17 1 210
20 2 18 1 210
20 2 19 2 210
20 2 20 1 210
20 2 21 1 210
20 3 12 1 210
20 3 13 1 210
20 3 14 1 210
20 3 15 2 210
20 3 16 2 210
20 3 17 3 210
20 3 18 1 210
20 3 19 1 210
20 3 20 2 210
20 3 21 1 210
20 4 12 1 210
20 4 13 1 210
20 4 14 1 210
20 4 15 1 210
20 4 16 1 210
20 4 17 1 210
20 4 18 2 210
20 4 19 2 210
20 4 20 2 210
20 4 21 3 210
21 12 12 6 210
21 12 13 3 210
21 12 14 1 210
21 12 15 3 210
21 12 16 1 210
21 12 17 1 210
21 12 18 3 210
21 12 19 1 210
21 12 20 1 210
21 12 21 1 210
21 13 13 4 210
21 13 14 3 210
21 13 15 2 210
21 13 16 2 210
21 13 17 1 210
21 13 18 2 210
21 13 19 2 210
21 13 20 1 210
21 13 21 1 210
21 14 14 6 210
21 14 15 1 210
21 14 16 3 210
21 14 17 1 210
21 14 18 1 210
21 14 19 3 210
21 14 20 1 210
21 14 21 1 210
21 15 15 4 210
21 15 16 2 210
21 15 17 3 210
21 15 18 2 210
21 15 19 1 210
21 15 20 2 210
21 15 21 1 210
21 16 16 4 210
21 16 17 3 210
21 16 18 1 210
21 16 19 2 210
21 16 20 2 210
21 16 21 1 210
21 17 17 6 210
21 17 18 1 210
21 17 19 1 210
21 17 20 3 210
21 17 21 1 210
21 18 18 4 210
21 18 19 2 210
21 18 20 2 210
21 18 21 3 210
21 19 19 4 210
21 19 20 2 210
21 19 21 3 210
21 20 20 4 210
21 20 21 3 210
21 21 21 6 210
5
0 0 0 2 42
0 0 1 1 42
0 0 2 1 42
0 0 3 1 42
0 1 1 2 42
0 1 2 1 42
0 1 3 1 42
0 2 2 2 42
0 2 3 1 42
0 3 3 2 42
1 0 4 1 42
1 0 5 1 42
1 1 4 1 42
1 1 5 1 42
1 2 4 1 42
1 2 5 1 42
1 3 4 1 42
1 3 5 1 42
2 4 4 2 42
2 4 5 1 42
2 5 5 2 42
6 0 6 1 42
6 0 7 1 42
6 1 6 1 42
6 1 7 1 42
6 2 6 1 42
6 2 7 1 42
6 3 6 1 42
6 3 7 1 42
7 4 6 1 42
7 4 7 1 42
7 5 6 1 42
7 5 7 1 42
11 6 6 2 42
11 6 7 1 42
11 7 7 2 42
6
1 0 0 2 42
1 0 1 1 42
1 0 2 1 42
1 1 1 2 42
1 1 2 1 42
1 2 2 2 42
2 0 3 1 42
2 0 4 1 42
2 0 5 1 42
2 1 3 1 42
2 1 4 1 42
2 1 5 1 42
2 2 3 1 42
2 2 4 1 42
2 2 5 1 42
3 3 3 2 42
3 3 4 1 42
3 3 5 1 42
3 4 4 2 42
3 4 5 1 42
3 5 5 2 42
7 0 6 1 42
7 0 7 1 42
7 1 6 1 42
7 1 7 1 42
7 2 6 1 42
7 2 7 1 42
8 3 6 1 42
8 3 7 1 42
8 4 6 1 42
8 4 7 1 42
8 5 6 1 42
8 5 7 1 42
12 6 6 2 42
12 6 7 1 42
12 7 7 2 42
7
2 0 0 2 42
2 0 1 1 42
2 1 1 2 42
3 0 2 1 42
3 0 3 1 42
3 0 4 1 42
3 0 5 1 42
3 1 2 1 42
3 1 3 1 42
3 1 4 1 42
3 1 5 1 42
4 2 2 2 42
4 2 3 1 42
4 2 4 1 42
4 2 5 1 42
4 3 3 2 42
4 3 4 1 42
4 3 5 1 42
4 4 4 2 42
4 4 5 1 42
4 5 5 2 42
8 0 6 1 42
8 0 7 1 42
8 1 6 1 42
8 1 7 1 42
9 2 6 1 42
9 2 7 1 42
9 3 6 1 42
9 3 7 1 42
9 4 6 1 42
9 4 7 1 42
9 5 6 1 42
9 5 7 1 42
13 6 6 2 42
13 6 7 1 42
13 7 7 2 42
8
0 1 6 1 42
0 1 9 1 42
0 2 6 1 42
0 2 9 1 42
0 3 6 1 42
0 3 9 1 42
0 4 6 1 42
0 4 9 1 42
0 5 6 1 42
0 5 9 1 42
1 6 6 2 42
1 7 9 1 42
1 8 9 1 42
3 0 0 2 42
4 0 1 1 42
4 0 2 1 42
4 0 3 1 42
4 0 4 1 42
4 0 5 1 42
5 1 1 2 42
5 1 2 1 42
5 1 3 1 42
5 1 4 1 42
5 1 5 1 42
5 2 2 2 42
5 2 3 1 42
5 2 4 1 42
5 2 5 1 42
5 3 3 2 42
5 3 4 1 42
5 3 5 1 42
5 4 4 2 42
5 4 5 1 42
5 5 5 2 42
6 6 7 1 42
6 6 8 1 42
6 9 9 2 42
9 0 7 1 42
9 0 8 1 42
10 1 7 1 42
10 1 8 1 42
10 2 7 1 42
10 2 8 1 42
10 3 7 1 42
10 3 8 1 42
10 4 7 1 42
10 4 8 1 42
10 5 7 1 42
10 5 8 1 42
14 7 7 2 42
14 7 8 1 42
14 8 8 2 42
9
6 0 0 2 42
6 0 1 1 42
6 0 2 1 42
6 1 1 2 42
6 1 2 1 42
6 2 2 2 42
7 0 3 1 42
7 0 4 1 42
7 1 3 1 42
7 1 4 1 42
7 2 3 1 42
7 2 4 1 42
8 3 3 2 42
8 3 4 1 42
8 4 4 2 42
11 0 5 1 42
11 0 6 1 42
11 0 7 1 42
11 1 5 1 42
11 1 6 1 42
11 1 7 1 42
11 2 5 1 42
11 2 6 1 42
11 2 7 1 42
12 3 5 1 42
12 3 6 1 42
12 3 7 1 42
12 4 5 1 42
12 4 6 1 42
12 4 7 1 42
15 5 5 2 42
15 5 6 1 42
15 5 7 1 42
15 6 6 2 42
15 6 7 1 42
15 7 7 2 42
10
7 0 0 2 42
7 0 1 1 42
7 1 1 2 42
8 0 2 1 42
8 0 3 1 42
8 0 4 1 42
8 1 2 1 42
8 1 3 1 42
8 1 4 1 42
9 2 2 2 42
9 2 3 1 42
9 2 4 1 42
9 3 3 2 42
9 3 4 1 42
9 4 4 2 42
12 0 5 1 42
12 0 6 1 42
12 0 7 1 42
12 1 5 1 42
12 1 6 1 42
12 1 7 1 42
13 2 5 1 42
13 2 6 1 42
13 2 7 1 42
13 3 5 1 42
13 3 6 1 42
13 3 7 1 42
13 4 5 1 42
13 4 6 1 42
13 4 7 1 42
16 5 5 2 42
16 5 6 1 42
16 5 7 1 42
16 6 6 2 42
16 6 7 1 42
16 7 7 2 42
11
1 1 9 1 42
1 2 9 1 42
1 3 9 1 42
1 4 9 1 42
2 6 9 1 42
2 7 9 1 42
2 8 9 1 42
6 1 5 1 42
6 2 5 1 42
6 3 5 1 42
6 4 5 1 42
7 5 5 2 42
7 9 9 2 42
8 0 0 2 42
9 0 1 1 42
9 0 2 1 42
9 0 3 1 42
9 0 4 1 42
10 1 1 2 42
10 1 2 1 42
10 1 3 1 42
10 1 4 1 42
10 2 2 2 42
10 2 3 1 42
10 2 4 1 42
10 3 3 2 42
10 3 4 1 42
10 4 4 2 42
11 5 6 1 42
11 5 7 1 42
11 5 8 1 42
13 0 6 1 42
13 0 7 1 42
13 0 8 1 42
14 1 6 1 42
14 1 7 1 42
14 1 8 1 42
14 2 6 1 42
14 2 7 1 42
14 2 8 1 42
14 3 6 1 42
14 3 7 1 42
14 3 8 1 42
14 4 6 1 42
14 4 7 1 42
14 4 8 1 42
17 6 6 2 42
17 6 7 1 42
17 6 8 1 42
17 7 7 2 42
17 7 8 1 42
17 8 8 2 42
12
11 0 0 2 42
11 0 1 1 42
11 1 1 2 42
12 0 2 1 42
12 0 3 1 42
12 1 2 1 42
12 1 3 1 42
13 2 2 2 42
13 2 3 1 42
13 3 3 2 42
15 0 4 1 42
15 0 5 1 42
15 0 6 1 42
15 0 7 1 42
15 1 4 1 42
15 1 5 1 42
15 1 6 1 42
15 1 7 1 42
16 2 4 1 42
16 2 5 1 42
16 2 6 1 42
16 2 7 1 42
16 3 4 1 42
16 3 5 1 42
16 3 6 1 42
16 3 7 1 42
18 4 4 2 42
18 4 5 1 42
18 4 6 1 42
18 4 7 1 42
18 5 5 2 42
18 5 6 1 42
18 5 7 1 42
18 6 6 2 42
18 6 7 1 42
18 7 7 2 42
13
2 1 9 1 42
2 2 9 1 42
2 3 9 1 42
3 5 9 1 42
3 6 9 1 42
3 7 9 1 42
3 8 9 1 42
8 9 9 2 42
11 1 4 1 42
11 2 4 1 42
11 3 4 1 42
12 0 0 2 42
12 4 4 2 42
13 0 1 1 42
13 0 2 1 42
13 0 3 1 42
14 1 1 2 42
14 1 2 1 42
14 1 3 1 42
14 2 2 2 42
14 2 3 1 42
14 3 3 2 42
15 4 5 1 42
15 4 6 1 42
15 4 7 1 42
15 4 8 1 42
16 0 5 1 42
16 0 6 1 42
16 0 7 1 42
16 0 8 1 42
17 1 5 1 42
17 1 6 1 42
17 1 7 1 42
17 1 8 1 42
17 2 5 1 42
17 2 6 1 42
17 2 7 1 42
17 2 8 1 42
17 3 5 1 42
17 3 6 1 42
17 3 7 1 42
17 3 8 1 42
19 5 5 2 42
19 5 6 1 42
19 5 7 1 42
19 5 8 1 42
19 6 6 2 42
19 6 7 1 42
19 6 8 1 42
19 7 7 2 42
19 7 8 1 42
19 8 8 2 42
14
3 1 9 1 42
3 2 9 1 42
4 4 9 1 42
4 5 9 1 42
4 6 9 1 42
4 7 9 1 42
4 8 9 1 42
9 9 9 2 42
15 0 0 2 42
15 1 3 1 42
15 2 3 1 42
16 0 1 1 42
16 0 2 1 42
16 3 3 2 42
17 1 1 2 42
17 1 2 1 42
17 2 2 2 42
18 0 4 1 42
18 0 5 1 42
18 0 6 1 42
18 0 7 1 42
18 0 8 1 42
18 3 4 1 42
18 3 5 1 42
18 3 6 1 42
18 3 7 1 42
18 3 8 1 42
19 1 4 1 42
19 1 5 1 42
19 1 6 1 42
19 1 7 1 42
19 1 8 1 42
19 2 4 1 42
19 2 5 1 42
19 2 6 1 42
19 2 7 1 42
19 2 8 1 42
20 4 4 2 42
20 4 5 1 42
20 4 6 1 42
20 4 7 1 42
20 4 8 1 42
20 5 5 2 42
20 5 6 1 42
20 5 7 1 42
20 5 8 1 42
20 6 6 2 42
20 6 7 1 42
20 6 8 1 42
20 7 7 2 42
20 7 8 1 42
20 8 8 2 42
15
0 7 7 2 42
4 0 7 1 42
5 1 7 1 42
5 2 7 1 42
5 3 7 1 42
5 4 7 1 42
5 5 7 1 42
5 6 7 1 42
10 7 7 2 42
18 0 0 2 42
19 0 0 2 42
20 0 1 1 42
20 0 2 1 42
20 0 3 1 42
20 0 4 1 42
20 0 5 1 42
20 0 6 1 42
21 1 1 2 42
21 1 2 1 42
21 1 3 1 42
21 1 4 1 42
21 1 5 1 42
21 1 6 1 42
21 2 2 2 42
21 2 3 1 42
21 2 4 1 42
21 2 5 1 42
21 2 6 1 42
21 3 3 2 42
21 3 4 1 42
21 3 5 1 42
21 3 6 1 42
21 4 4 2 42
21 4 5 1 42
21 4 6 1 42
21 5 5 2 42
21 5 6 1 42
21 6 6 2 42
