0
0 0 3 4 20
0 1 1 12 20
1 0 1 6 20
1 1 2 3 20
1 1 3 1 20
2 0 2 6 20
2 1 1 6 20
2 1 3 1 20
3 0 3 4 20
3 1 2 6 20
4 1 3 10 20
5 0 1 6 20
5 1 2 3 20
5 2 3 1 20
6 0 0 8 20
6 1 1 4 20
6 1 2 2 20
6 2 2 4 20
7 0 1 6 20
7 2 2 6 20
7 2 3 1 20
8 1 1 12 20
8 2 3 4 20
9 0 2 6 20
9 1 2 3 20
9 1 3 1 20
10 0 2 6 20
10 1 2 3 20
10 2 3 1 20
11 1 2 9 20
11 3 3 2 20
12 0 3 4 20
12 2 2 12 20
13 1 3 4 20
13 2 2 12 20
14 2 3 10 20
15 3 3 20 20
1
0 2 17 3 90
0 2 18 2 90
0 2 19 1 90
0 5 17 1 90
0 5 18 2 90
0 5 19 3 90
0 10 17 3 90
0 10 18 2 90
0 10 19 1 90
0 13 17 1 90
0 13 18 2 90
0 13 19 3 90
0 16 16 6 90
1 0 16 3 90
1 1 16 3 90
1 2 2 4 90
1 2 5 2 90
1 4 10 2 90
1 4 13 1 90
1 5 5 4 90
1 6 10 1 90
1 6 13 2 90
1 9 10 2 90
1 9 13 1 90
1 10 11 1 90
1 11 13 2 90
1 14 17 1 90
1 14 18 1 90
1 14 19 1 90
1 15 17 1 90
1 15 18 1 90
1 15 19 1 90
1 17 20 1 90
1 18 20 1 90
1 19 20 1 90
2 0 0 4 90
2 0 1 2 90
2 1 1 4 90
2 2 20 3 90
2 4 14 2 90
2 4 15 1 90
2 5 20 3 90
2 6 14 2 90
2 6 15 1 90
2 9 14 1 90
2 9 15 2 90
2 10 21 1 90
2 10 22 1 90
2 10 23 1 90
2 11 14 1 90
2 11 15 2 90
2 13 21 1 90
2 13 22 1 90
2 13 23 1 90
2 16 17 1 90
2 16 18 1 90
2 16 19 1 90
3 0 17 3 90
3 0 18 2 90
3 0 19 1 90
3 1 17 1 90
3 1 18 2 90
3 1 19 3 90
3 14 21 3 90
3 14 22 2 90
3 14 23 1 90
3 15 21 1 90
3 15 22 2 90
3 15 23 3 90
3 20 20 6 90
4 17 17 6 90
4 17 18 3 90
4 17 19 1 90
4 18 18 4 90
4 18 19 3 90
4 19 19 6 90
5 2 4 2 90
5 2 6 1 90
5 2 9 2 90
5 2 11 1 90
5 3 16 3 90
5 4 5 1 90
5 5 6 2 90
5 5 9 1 90
5 5 11 2 90
5 7 17 1 90
5 7 18 1 90
5 7 19 1 90
5 8 16 3 90
5 10 10 4 90
5 10 13 2 90
5 12 17 1 90
5 12 18 1 90
5 12 19 1 90
5 13 13 4 90
5 17 24 1 90
5 18 24 1 90
5 19 24 1 90
6 0 3 2 90
6 0 8 2 90
6 1 3 2 90
6 1 8 2 90
6 2 7 2 90
6 2 12 2 90
6 4 16 1 90
6 4 20 1 90
6 4 24 1 90
6 5 7 2 90
6 5 12 2 90
6 6 16 1 90
6 6 20 1 90
6 6 24 1 90
6 9 16 1 90
6 9 20 1 90
6 9 24 1 90
6 10 14 2 90
6 10 15 2 90
6 11 16 1 90
6 11 20 1 90
6 11 24 1 90
6 13 14 2 90
6 13 15 2 90
7 0 4 2 90
7 0 6 1 90
7 0 9 2 90
7 0 11 1 90
7 1 4 1 90
7 1 6 2 90
7 1 9 1 90
7 1 11 2 90
7 3 17 1 90
7 3 18 1 90
7 3 19 1 90
7 7 20 3 90
7 8 17 1 90
7 8 18 1 90
7 8 19 1 90
7 12 20 3 90
7 14 14 4 90
7 14 15 2 90
7 15 15 4 90
7 21 24 1 90
7 22 24 1 90
7 23 24 1 90
8 4 17 3 90
8 4 18 2 90
8 4 19 1 90
8 6 17 1 90
8 6 18 2 90
8 6 19 3 90
8 9 17 3 90
8 9 18 2 90
8 9 19 1 90
8 11 17 1 90
8 11 18 2 90
8 11 19 3 90
9 2 21 1 90
9 2 22 1 90
9 2 23 1 90
9 3 3 4 90
9 3 8 2 90
9 4 7 2 90
9 4 12 1 90
9 5 21 1 90
9 5 22 1 90
9 5 23 1 90
9 6 7 2 90
9 6 12 1 90
9 7 9 1 90
9 7 11 1 90
9 8 8 4 90
9 9 12 2 90
9 10 24 3 90
9 11 12 2 90
9 13 24 3 90
9 16 21 1 90
9 16 22 1 90
9 16 23 1 90
10 0 21 1 90
10 0 22 1 90
10 0 23 1 90
10 1 21 1 90
10 1 22 1 90
10 1 23 1 90
10 3 4 2 90
10 3 6 2 90
10 3 9 1 90
10 3 11 1 90
10 4 8 1 90
10 6 8 1 90
10 7 7 4 90
10 7 12 2 90
10 8 9 2 90
10 8 11 2 90
10 12 12 4 90
10 14 24 3 90
10 15 24 3 90
10 20 21 1 90
10 20 22 1 90
10 20 23 1 90
11 4 4 4 90
11 4 6 2 90
11 4 9 2 90
11 4 11 1 90
11 6 6 4 90
11 6 9 1 90
11 6 11 2 90
11 9 9 4 90
11 9 11 2 90
11 11 11 4 90
11 17 21 1 90
11 17 22 1 90
11 17 23 1 90
11 18 21 1 90
11 18 22 1 90
11 18 23 1 90
11 19 21 1 90
11 19 22 1 90
11 19 23 1 90
12 3 21 3 90
12 3 22 2 90
12 3 23 1 90
12 7 21 3 90
12 7 22 2 90
12 7 23 1 90
12 8 21 1 90
12 8 22 2 90
12 8 23 3 90
12 12 21 1 90
12 12 22 2 90
12 12 23 3 90
12 24 24 6 90
13 4 21 3 90
13 4 22 2 90
13 4 23 1 90
13 6 21 3 90
13 6 22 2 90
13 6 23 1 90
13 9 21 1 90
13 9 22 2 90
13 9 23 3 90
13 11 21 1 90
13 11 22 2 90
13 11 23 3 90
14 21 21 6 90
14 21 22 3 90
14 21 23 1 90
14 22 22 4 90
14 22 23 3 90
14 23 23 6 90
2
0 5 5 4 90
0 5 6 2 90
0 5 7 2 90
0 6 6 4 90
0 6 7 2 90
0 7 7 4 90
0 8 10 1 90
0 8 11 1 90
0 8 12 1 90
0 8 13 1 90
0 8 14 1 90
0 8 15 1 90
1 4 9 3 90
1 5 8 2 90
1 5 16 1 90
1 6 8 2 90
1 6 16 1 90
1 7 8 2 90
1 7 16 1 90
2 1 4 2 90
2 2 4 2 90
2 3 4 2 90
2 5 9 1 90
2 6 9 1 90
2 7 9 1 90
2 8 16 3 90
3 1 5 2 90
3 1 6 1 90
3 1 7 1 90
3 2 5 1 90
3 2 6 2 90
3 2 7 1 90
3 3 5 1 90
3 3 6 1 90
3 3 7 2 90
3 4 10 1 90
3 4 11 1 90
3 4 12 1 90
3 4 13 1 90
3 4 14 1 90
3 4 15 1 90
4 5 10 3 90
4 5 11 2 90
4 5 12 1 90
4 5 13 2 90
4 5 14 1 90
4 5 15 1 90
4 6 10 1 90
4 6 11 2 90
4 6 12 3 90
4 6 13 1 90
4 6 14 2 90
4 6 15 1 90
4 7 10 1 90
4 7 11 1 90
4 7 12 1 90
4 7 13 2 90
4 7 14 2 90
4 7 15 3 90
5 0 9 3 90
5 5 8 2 90
5 5 16 1 90
5 6 8 2 90
5 6 16 1 90
5 7 8 2 90
5 7 16 1 90
6 0 0 4 90
6 4 4 4 90
6 8 8 4 90
6 9 9 2 90
6 9 16 1 90
6 16 16 2 90
7 0 9 3 90
7 1 16 1 90
7 2 16 1 90
7 3 16 1 90
7 4 5 2 90
7 4 6 2 90
7 4 7 2 90
8 5 5 4 90
8 5 6 2 90
8 5 7 2 90
8 6 6 4 90
8 6 7 2 90
8 7 7 4 90
8 9 9 6 90
8 10 16 1 90
8 11 16 1 90
8 12 16 1 90
8 13 16 1 90
8 14 16 1 90
8 15 16 1 90
9 0 1 2 90
9 0 2 2 90
9 0 3 2 90
9 1 9 1 90
9 2 9 1 90
9 3 9 1 90
9 8 16 3 90
10 0 1 2 90
10 0 2 2 90
10 0 3 2 90
10 1 9 1 90
10 2 9 1 90
10 3 9 1 90
10 4 16 3 90
11 1 9 3 90
11 2 9 3 90
11 3 9 3 90
11 5 16 3 90
11 6 16 3 90
11 7 16 3 90
12 0 10 1 90
12 0 11 1 90
12 0 12 1 90
12 0 13 1 90
12 0 14 1 90
12 0 15 1 90
12 1 1 4 90
12 1 2 2 90
12 1 3 2 90
12 2 2 4 90
12 2 3 2 90
12 3 3 4 90
13 1 1 4 90
13 1 2 2 90
13 1 3 2 90
13 2 2 4 90
13 2 3 2 90
13 3 3 4 90
13 9 10 1 90
13 9 11 1 90
13 9 12 1 90
13 9 13 1 90
13 9 14 1 90
13 9 15 1 90
13 16 16 6 90
14 1 10 3 90
14 1 11 2 90
14 1 12 1 90
14 1 13 2 90
14 1 14 1 90
14 1 15 1 90
14 2 10 1 90
14 2 11 2 90
14 2 12 3 90
14 2 13 1 90
14 2 14 2 90
14 2 15 1 90
14 3 10 1 90
14 3 11 1 90
14 3 12 1 90
14 3 13 2 90
14 3 14 2 90
14 3 15 3 90
15 10 10 6 90
15 10 11 3 90
15 10 12 1 90
15 10 13 3 90
15 10 14 1 90
15 10 15 1 90
15 11 11 4 90
15 11 12 3 90
15 11 13 2 90
15 11 14 2 90
15 11 15 1 90
15 12 12 6 90
15 12 13 1 90
15 12 14 3 90
15 12 15 1 90
15 13 13 4 90
15 13 14 2 90
15 13 15 3 90
15 14 14 4 90
15 14 15 3 90
15 15 15 6 90
3
0 0 0 2 30
0 0 1 1 30
0 0 2 1 30
0 1 1 2 30
0 1 2 1 30
0 2 2 2 30
1 0 3 1 30
1 0 4 1 30
1 1 3 1 30
1 1 4 1 30
1 2 3 1 30
1 2 4 1 30
2 3 3 2 30
2 3 4 1 30
2 4 4 2 30
5 0 5 1 30
5 0 6 1 30
5 1 5 1 30
5 1 6 1 30
5 2 5 1 30
5 2 6 1 30
6 3 5 1 30
6 3 6 1 30
6 4 5 1 30
6 4 6 1 30
9 5 5 2 30
9 5 6 1 30
9 6 6 2 30
4
1 0 0 2 30
1 0 1 1 30
1 1 1 2 30
2 0 2 1 30
2 0 3 1 30
2 0 4 1 30
2 1 2 1 30
2 1 3 1 30
2 1 4 1 30
3 2 2 2 30
3 2 3 1 30
3 2 4 1 30
3 3 3 2 30
3 3 4 1 30
3 4 4 2 30
6 0 5 1 30
6 0 6 1 30
6 1 5 1 30
6 1 6 1 30
7 2 5 1 30
7 2 6 1 30
7 3 5 1 30
7 3 6 1 30
7 4 5 1 30
7 4 6 1 30
10 5 5 2 30
10 5 6 1 30
10 6 6 2 30
5
0 1 5 1 30
0 1 8 1 30
0 2 5 1 30
0 2 8 1 30
0 3 5 1 30
0 3 8 1 30
0 4 5 1 30
0 4 8 1 30
1 5 5 2 30
1 6 8 1 30
1 7 8 1 30
2 0 0 2 30
3 0 1 1 30
3 0 2 1 30
3 0 3 1 30
3 0 4 1 30
4 1 1 2 30
4 1 2 1 30
4 1 3 1 30
4 1 4 1 30
4 2 2 2 30
4 2 3 1 30
4 2 4 1 30
4 3 3 2 30
4 3 4 1 30
4 4 4 2 30
5 5 6 1 30
5 5 7 1 30
5 8 8 2 30
7 0 6 1 30
7 0 7 1 30
8 1 6 1 30
8 1 7 1 30
8 2 6 1 30
8 2 7 1 30
8 3 6 1 30
8 3 7 1 30
8 4 6 1 30
8 4 7 1 30
11 6 6 2 30
11 6 7 1 30
11 7 7 2 30
6
5 0 0 2 30
5 0 1 1 30
5 1 1 2 30
6 0 2 1 30
6 0 3 1 30
6 1 2 1 30
6 1 3 1 30
7 2 2 2 30
7 2 3 1 30
7 3 3 2 30
9 0 4 1 30
9 0 5 1 30
9 0 6 1 30
9 1 4 1 30
9 1 5 1 30
9 1 6 1 30
10 2 4 1 30
10 2 5 1 30
10 2 6 1 30
10 3 4 1 30
10 3 5 1 30
10 3 6 1 30
12 4 4 2 30
12 4 5 1 30
12 4 6 1 30
12 5 5 2 30
12 5 6 1 30
12 6 6 2 30
7
1 1 8 1 30
1 2 8 1 30
1 3 8 1 30
2 5 8 1 30
2 6 8 1 30
2 7 8 1 30
5 1 4 1 30
5 2 4 1 30
5 3 4 1 30
6 0 0 2 30
6 4 4 2 30
6 8 8 2 30
7 0 1 1 30
7 0 2 1 30
7 0 3 1 30
8 1 1 2 30
8 1 2 1 30
8 1 3 1 30
8 2 2 2 30
8 2 3 1 30
8 3 3 2 30
9 4 5 1 30
9 4 6 1 30
9 4 7 1 30
10 0 5 1 30
10 0 6 1 30
10 0 7 1 30
11 1 5 1 30
11 1 6 1 30
11 1 7 1 30
11 2 5 1 30
11 2 6 1 30
11 2 7 1 30
11 3 5 1 30
11 3 6 1 30
11 3 7 1 30
13 5 5 2 30
13 5 6 1 30
13 5 7 1 30
13 6 6 2 30
13 6 7 1 30
13 7 7 2 30
8
2 1 8 1 30
2 2 8 1 30
3 4 8 1 30
3 5 8 1 30
3 6 8 1 30
3 7 8 1 30
7 8 8 2 30
9 0 0 2 30
9 1 3 1 30
9 2 3 1 30
10 0 1 1 30
10 0 2 1 30
10 3 3 2 30
11 1 1 2 30
11 1 2 1 30
11 2 2 2 30
12 0 4 1 30
12 0 5 1 30
12 0 6 1 30
12 0 7 1 30
12 3 4 1 30
12 3 5 1 30
12 3 6 1 30
12 3 7 1 30
13 1 4 1 30
13 1 5 1 30
13 1 6 1 30
13 1 7 1 30
13 2 4 1 30
13 2 5 1 30
13 2 6 1 30
13 2 7 1 30
14 4 4 2 30
14 4 5 1 30
14 4 6 1 30
14 4 7 1 30
14 5 5 2 30
14 5 6 1 30
14 5 7 1 30
14 6 6 2 30
14 6 7 1 30
14 7 7 2 30
9
0 6 6 2 30
3 0 6 1 30
4 1 6 1 30
4 2 6 1 30
4 3 6 1 30
4 4 6 1 30
4 5 6 1 30
8 6 6 2 30
12 0 0 2 30
13 0 0 2 30
14 0 1 1 30
14 0 2 1 30
14 0 3 1 30
14 0 4 1 30
14 0 5 1 30
15 1 1 2 30
15 1 2 1 30
15 1 3 1 30
15 1 4 1 30
15 1 5 1 30
15 2 2 2 30
15 2 3 1 30
15 2 4 1 30
15 2 5 1 30
15 3 3 2 30
15 3 4 1 30
15 3 5 1 30
15 4 4 2 30
15 4 5 1 30
15 5 5 2 30
