0
0 0 0 6 30
0 0 4 3 30
0 0 8 1 30
0 4 4 4 30
0 4 8 3 30
0 8 8 6 30
1 0 0 4 30
1 0 4 2 30
1 0 9 1 30
1 4 4 4 30
1 4 9 1 30
1 5 8 3 30
1 7 8 3 30
1 8 9 1 30
2 0 0 4 30
2 0 4 2 30
2 0 9 1 30
2 1 8 1 30
2 3 8 1 30
2 4 5 2 30
2 4 7 2 30
2 4 9 1 30
2 8 8 4 30
2 8 17 1 30
3 0 0 2 30
3 0 4 1 30
3 0 9 2 30
3 4 5 2 30
3 4 9 2 30
3 5 8 2 30
3 6 8 1 30
3 7 7 4 30
3 8 10 1 30
3 8 14 1 30
4 0 0 2 30
4 0 4 1 30
4 0 9 2 30
4 2 8 1 30
4 4 7 2 30
4 4 9 2 30
4 5 5 4 30
4 7 8 2 30
4 8 12 1 30
4 8 16 1 30
5 0 9 3 30
5 4 9 3 30
5 5 5 4 30
5 5 7 2 30
5 7 7 4 30
5 8 11 1 30
5 8 13 1 30
5 8 15 1 30
6 0 0 4 30
6 0 5 1 30
6 0 7 1 30
6 0 9 1 30
6 1 4 2 30
6 3 4 2 30
6 4 8 2 30
6 4 17 1 30
6 8 8 4 30
6 8 17 1 30
7 0 0 2 30
7 0 5 1 30
7 0 9 2 30
7 1 4 1 30
7 1 8 1 30
7 3 7 2 30
7 4 5 1 30
7 4 6 1 30
7 4 10 1 30
7 4 14 1 30
7 8 8 2 30
7 8 17 2 30
8 0 5 1 30
8 0 9 3 30
8 4 5 1 30
8 4 10 2 30
8 4 14 1 30
8 5 8 1 30
8 6 7 3 30
8 8 10 1 30
8 8 14 2 30
9 0 0 2 30
9 0 9 1 30
9 1 4 1 30
9 2 8 1 30
9 3 7 1 30
9 4 6 1 30
9 4 10 1 30
9 5 5 2 30
9 5 9 1 30
9 5 14 1 30
9 7 8 1 30
9 7 12 1 30
9 7 17 1 30
9 8 16 1 30
9 9 9 2 30
10 0 9 2 30
10 4 10 2 30
10 5 5 2 30
10 5 7 1 30
10 5 9 1 30
10 5 14 1 30
10 6 7 2 30
10 7 14 1 30
10 7 15 1 30
10 8 11 1 30
10 8 13 1 30
10 9 9 2 30
11 0 0 2 30
11 0 7 1 30
11 0 9 2 30
11 1 5 2 30
11 2 4 1 30
11 3 4 1 30
11 3 8 1 30
11 4 7 1 30
11 4 12 1 30
11 4 16 1 30
11 8 8 2 30
11 8 17 2 30
12 0 0 2 30
12 0 9 1 30
12 1 5 1 30
12 2 4 1 30
12 3 4 1 30
12 4 12 1 30
12 5 8 1 30
12 5 10 1 30
12 5 17 1 30
12 6 8 1 30
12 7 7 2 30
12 7 9 1 30
12 7 16 1 30
12 8 14 1 30
12 9 9 2 30
13 0 9 3 30
13 1 5 2 30
13 1 7 1 30
13 3 5 1 30
13 3 7 2 30
13 4 11 1 30
13 4 13 1 30
13 4 15 1 30
13 8 17 3 30
14 0 9 2 30
14 1 5 1 30
14 3 5 1 30
14 4 11 1 30
14 4 13 1 30
14 5 10 1 30
14 5 17 1 30
14 6 7 2 30
14 7 10 1 30
14 7 15 1 30
14 8 14 2 30
14 9 9 2 30
15 0 0 2 30
15 2 4 1 30
15 2 8 1 30
15 4 6 1 30
15 5 10 2 30
15 5 14 2 30
15 6 8 1 30
15 7 12 2 30
15 7 16 2 30
15 9 9 4 30
16 0 9 1 30
16 4 11 1 30
16 5 6 1 30
16 5 10 2 30
16 5 14 2 30
16 6 7 1 30
16 7 13 2 30
16 7 15 2 30
16 8 11 1 30
16 9 9 4 30
17 0 7 1 30
17 0 9 3 30
17 2 5 3 30
17 4 7 1 30
17 4 12 2 30
17 4 16 1 30
17 7 8 1 30
17 8 12 1 30
17 8 16 2 30
18 0 9 2 30
18 2 5 2 30
18 4 12 2 30
18 5 7 1 30
18 5 11 1 30
18 5 16 1 30
18 7 7 2 30
18 7 9 1 30
18 7 16 1 30
18 8 13 1 30
18 8 15 1 30
18 9 9 2 30
19 0 9 2 30
19 1 7 1 30
19 2 5 2 30
19 3 7 1 30
19 4 13 1 30
19 4 15 1 30
19 5 11 1 30
19 5 12 1 30
19 7 12 1 30
19 7 17 1 30
19 8 16 2 30
19 9 9 2 30
20 0 9 1 30
20 2 5 1 30
20 4 13 1 30
20 5 11 2 30
20 5 12 1 30
20 5 16 1 30
20 6 7 1 30
20 7 10 1 30
20 7 14 1 30
20 7 15 2 30
20 8 13 1 30
20 9 9 4 30
21 0 9 1 30
21 2 5 1 30
21 2 7 1 30
21 4 15 1 30
21 5 11 2 30
21 5 13 2 30
21 7 12 2 30
21 7 16 2 30
21 8 15 1 30
21 9 9 4 30
22 5 11 3 30
22 5 13 2 30
22 5 15 1 30
22 7 11 1 30
22 7 13 2 30
22 7 15 3 30
22 9 9 6 30
23 0 1 3 30
23 0 3 3 30
23 0 17 1 30
23 4 4 4 30
23 4 8 2 30
23 4 17 1 30
23 8 8 4 30
23 8 17 1 30
24 0 1 2 30
24 0 6 1 30
24 0 10 1 30
24 0 14 1 30
24 1 4 2 30
24 3 3 4 30
24 4 8 1 30
24 4 17 2 30
24 8 8 2 30
24 8 17 2 30
25 0 1 1 30
25 0 10 2 30
25 0 14 1 30
25 1 4 1 30
25 1 8 1 30
25 3 6 3 30
25 4 10 1 30
25 4 14 2 30
25 8 17 3 30
26 0 10 3 30
26 0 14 1 30
26 4 10 2 30
26 4 14 2 30
26 6 6 6 30
26 8 10 1 30
26 8 14 3 30
27 0 1 1 30
27 0 10 1 30
27 1 4 1 30
27 2 8 1 30
27 3 6 2 30
27 4 10 1 30
27 5 14 2 30
27 6 12 1 30
27 7 17 2 30
27 8 16 1 30
27 9 10 1 30
27 9 14 1 30
28 0 10 2 30
28 4 10 2 30
28 5 14 2 30
28 6 6 4 30
28 6 15 1 30
28 7 14 2 30
28 8 11 1 30
28 8 13 1 30
28 9 10 1 30
28 9 14 1 30
29 0 1 1 30
29 0 6 1 30
29 0 10 1 30
29 1 5 1 30
29 1 9 1 30
29 1 14 1 30
29 2 4 1 30
29 3 3 2 30
29 3 12 1 30
29 3 17 1 30
29 4 7 1 30
29 4 16 1 30
29 8 8 2 30
29 8 17 1 30
29 17 17 2 30
30 0 10 2 30
30 1 5 1 30
30 1 7 1 30
30 1 9 1 30
30 1 14 1 30
30 3 6 2 30
30 3 14 1 30
30 3 15 1 30
30 4 11 1 30
30 4 13 1 30
30 8 17 2 30
30 17 17 2 30
31 0 10 2 30
31 1 14 1 30
31 3 14 1 30
31 4 11 1 30
31 4 13 1 30
31 5 10 1 30
31 6 6 4 30
31 6 15 1 30
31 7 10 1 30
31 8 14 2 30
31 9 10 1 30
31 14 17 1 30
32 0 1 1 30
32 2 4 1 30
32 2 8 1 30
32 3 6 1 30
32 5 10 1 30
32 5 14 1 30
32 6 12 2 30
32 6 17 1 30
32 7 16 2 30
32 9 10 2 30
32 10 14 1 30
32 14 14 2 30
33 0 10 1 30
33 4 11 1 30
33 5 10 1 30
33 5 14 1 30
33 6 6 2 30
33 6 14 1 30
33 6 15 2 30
33 7 13 2 30
33 8 11 1 30
33 9 10 2 30
33 10 14 1 30
33 14 14 2 30
34 0 6 1 30
34 0 10 1 30
34 1 9 2 30
34 2 5 2 30
34 2 14 1 30
34 3 12 2 30
34 4 7 1 30
34 4 16 1 30
34 7 8 1 30
34 8 16 1 30
34 12 17 1 30
34 16 17 1 30
35 0 10 1 30
35 1 7 1 30
35 1 9 1 30
35 2 5 1 30
35 2 14 1 30
35 3 6 1 30
35 3 15 1 30
35 4 13 1 30
35 5 11 1 30
35 6 12 1 30
35 7 17 1 30
35 8 16 1 30
35 9 10 1 30
35 12 14 1 30
35 16 17 1 30
36 0 10 1 30
36 2 14 1 30
36 4 13 1 30
36 5 11 2 30
36 6 6 2 30
36 6 15 2 30
36 7 10 1 30
36 7 14 1 30
36 8 13 1 30
36 9 10 2 30
36 12 14 1 30
36 14 16 1 30
37 1 9 1 30
37 2 5 1 30
37 2 7 1 30
37 3 15 1 30
37 5 11 1 30
37 5 13 1 30
37 6 12 2 30
37 7 16 2 30
37 9 10 2 30
37 11 14 1 30
37 13 14 1 30
37 15 17 1 30
38 5 11 2 30
38 5 13 1 30
38 6 15 3 30
38 7 11 1 30
38 7 13 2 30
38 9 10 3 30
38 11 14 1 30
38 13 14 1 30
38 14 15 1 30
39 0 2 1 30
39 0 3 2 30
39 0 12 1 30
39 0 16 1 30
39 1 1 4 30
39 3 4 2 30
39 4 8 1 30
39 4 17 2 30
39 8 8 2 30
39 8 17 2 30
40 0 2 1 30
40 0 3 1 30
40 0 12 1 30
40 1 1 2 30
40 1 10 1 30
40 1 17 1 30
40 3 7 1 30
40 3 9 1 30
40 3 16 1 30
40 4 5 1 30
40 4 6 1 30
40 4 14 1 30
40 8 8 2 30
40 8 17 1 30
40 17 17 2 30
41 0 2 1 30
41 0 12 1 30
41 1 10 2 30
41 3 9 2 30
41 4 5 1 30
41 4 14 1 30
41 5 8 1 30
41 6 7 2 30
41 6 16 1 30
41 8 14 1 30
41 10 17 1 30
41 14 17 1 30
42 0 11 1 30
42 0 13 1 30
42 0 15 1 30
42 1 1 4 30
42 1 3 2 30
42 3 3 4 30
42 4 17 3 30
42 8 17 3 30
43 0 11 1 30
43 0 13 1 30
43 1 1 2 30
43 1 3 1 30
43 1 10 1 30
43 1 17 1 30
43 3 6 2 30
43 3 10 1 30
43 3 15 1 30
43 4 14 2 30
43 8 17 2 30
43 17 17 2 30
44 0 11 1 30
44 0 13 1 30
44 1 10 2 30
44 3 10 2 30
44 4 14 2 30
44 6 6 4 30
44 6 15 1 30
44 8 14 2 30
44 10 17 1 30
44 14 17 1 30
45 0 2 1 30
45 0 6 1 30
45 1 10 2 30
45 1 14 2 30
45 2 4 1 30
45 3 12 2 30
45 3 16 2 30
45 4 6 1 30
45 8 8 2 30
45 17 17 4 30
46 0 2 1 30
46 1 10 1 30
46 1 14 1 30
46 2 4 1 30
46 3 12 2 30
46 5 8 1 30
46 6 7 1 30
46 6 9 1 30
46 6 16 2 30
46 10 10 2 30
46 10 14 1 30
46 14 17 2 30
47 0 11 1 30
47 1 6 1 30
47 1 10 2 30
47 1 14 2 30
47 3 6 1 30
47 3 13 2 30
47 3 15 2 30
47 4 11 1 30
47 8 17 1 30
47 17 17 4 30
48 0 11 1 30
48 1 10 1 30
48 1 14 1 30
48 3 13 2 30
48 4 11 1 30
48 6 6 2 30
48 6 10 1 30
48 6 15 2 30
48 8 14 1 30
48 10 10 2 30
48 10 14 1 30
48 14 17 2 30
49 0 2 1 30
49 2 4 1 30
49 2 8 1 30
49 6 12 3 30
49 6 16 3 30
49 10 10 4 30
49 10 14 2 30
49 14 14 4 30
50 0 11 1 30
50 4 11 1 30
50 6 13 3 30
50 6 15 3 30
50 8 11 1 30
50 10 10 4 30
50 10 14 2 30
50 14 14 4 30
51 0 6 1 30
51 1 10 2 30
51 2 5 1 30
51 2 9 1 30
51 2 14 2 30
51 3 12 1 30
51 3 16 1 30
51 4 6 1 30
51 7 8 1 30
51 12 12 2 30
51 12 16 1 30
51 16 17 2 30
52 1 10 1 30
52 2 5 1 30
52 2 9 1 30
52 2 14 1 30
52 3 12 1 30
52 5 7 1 30
52 6 7 1 30
52 6 9 1 30
52 6 16 1 30
52 10 10 2 30
52 11 14 1 30
52 12 12 2 30
52 13 17 1 30
52 14 16 1 30
52 15 16 1 30
53 1 6 1 30
53 1 10 2 30
53 2 14 2 30
53 3 6 1 30
53 3 13 1 30
53 3 15 1 30
53 5 11 1 30
53 7 17 1 30
53 9 11 1 30
53 12 13 1 30
53 12 15 1 30
53 16 17 2 30
54 1 10 1 30
54 2 14 1 30
54 3 13 1 30
54 5 11 1 30
54 6 6 2 30
54 6 10 1 30
54 6 15 1 30
54 7 14 1 30
54 9 11 1 30
54 10 10 2 30
54 11 14 1 30
54 12 13 1 30
54 13 17 1 30
54 14 16 1 30
54 15 15 2 30
55 2 5 1 30
55 2 7 1 30
55 2 9 1 30
55 6 12 2 30
55 6 16 2 30
55 10 10 4 30
55 11 14 2 30
55 12 15 1 30
55 13 14 2 30
55 15 16 1 30
56 5 11 1 30
56 6 13 2 30
56 6 15 2 30
56 7 11 1 30
56 9 11 1 30
56 10 10 4 30
56 11 14 2 30
56 13 14 2 30
56 13 15 1 30
56 15 15 2 30
57 0 3 1 30
57 0 12 2 30
57 0 16 1 30
57 1 2 3 30
57 3 4 1 30
57 3 8 1 30
57 4 12 1 30
57 4 16 2 30
57 8 17 3 30
58 0 3 1 30
58 0 12 1 30
58 1 2 2 30
58 2 10 1 30
58 3 4 1 30
58 4 12 1 30
58 5 17 2 30
58 6 8 1 30
58 7 16 2 30
58 8 14 1 30
58 9 12 1 30
58 9 16 1 30
59 0 12 2 30
59 1 2 2 30
59 1 11 1 30
59 1 16 1 30
59 3 5 1 30
59 3 7 1 30
59 3 9 1 30
59 3 16 1 30
59 4 13 1 30
59 4 15 1 30
59 8 17 2 30
59 17 17 2 30
60 0 12 1 30
60 1 2 1 30
60 1 11 1 30
60 2 10 1 30
60 3 5 1 30
60 3 9 1 30
60 4 13 1 30
60 5 17 1 30
60 6 7 1 30
60 6 16 1 30
60 7 15 1 30
60 8 14 1 30
60 9 12 1 30
60 10 16 1 30
60 14 17 1 30
61 0 3 1 30
61 1 2 1 30
61 2 10 2 30
61 2 17 1 30
61 4 6 1 30
61 5 14 2 30
61 6 8 1 30
61 7 12 1 30
61 7 16 1 30
61 9 12 2 30
61 12 16 1 30
61 16 16 2 30
62 1 11 1 30
62 2 10 2 30
62 3 9 1 30
62 5 6 1 30
62 5 14 2 30
62 6 7 1 30
62 7 13 1 30
62 7 15 1 30
62 9 12 2 30
62 11 17 1 30
62 13 16 1 30
62 15 16 1 30
63 0 13 1 30
63 0 15 1 30
63 1 2 2 30
63 1 3 1 30
63 1 11 1 30
63 1 12 1 30
63 3 3 2 30
63 3 12 1 30
63 3 17 1 30
63 4 16 2 30
63 8 17 2 30
63 17 17 2 30
64 0 13 1 30
64 1 2 1 30
64 1 11 2 30
64 1 12 1 30
64 1 16 1 30
64 3 6 1 30
64 3 10 1 30
64 3 14 1 30
64 3 15 2 30
64 4 13 1 30
64 8 17 1 30
64 17 17 4 30
65 0 13 1 30
65 1 11 2 30
65 2 10 1 30
65 3 10 1 30
65 3 14 1 30
65 4 13 1 30
65 6 6 2 30
65 6 15 2 30
65 8 14 1 30
65 10 12 1 30
65 10 16 1 30
65 14 17 2 30
66 1 2 1 30
66 1 3 1 30
66 2 10 1 30
66 2 17 1 30
66 3 6 1 30
66 5 14 1 30
66 6 12 1 30
66 6 17 1 30
66 7 16 1 30
66 9 13 1 30
66 10 11 1 30
66 10 12 1 30
66 12 15 1 30
66 14 14 2 30
66 16 16 2 30
67 1 11 1 30
67 2 10 1 30
67 3 10 1 30
67 5 14 1 30
67 6 6 2 30
67 6 14 1 30
67 6 15 1 30
67 7 13 1 30
67 9 13 1 30
67 10 11 1 30
67 10 12 1 30
67 11 17 1 30
67 13 16 1 30
67 14 14 2 30
67 15 15 2 30
68 0 15 1 30
68 1 2 1 30
68 1 11 2 30
68 1 13 2 30
68 2 3 1 30
68 3 12 2 30
68 3 16 2 30
68 4 15 1 30
68 8 17 1 30
68 17 17 4 30
69 1 2 1 30
69 1 11 1 30
69 1 13 1 30
69 2 3 1 30
69 3 12 2 30
69 5 17 1 30
69 6 16 2 30
69 7 15 1 30
69 9 15 1 30
69 10 11 1 30
69 10 13 1 30
69 14 17 2 30
70 1 11 3 30
70 1 13 2 30
70 1 15 1 30
70 3 11 1 30
70 3 13 2 30
70 3 15 3 30
70 17 17 6 30
71 1 11 2 30
71 1 13 1 30
71 3 11 1 30
71 3 13 2 30
71 6 15 3 30
71 10 11 1 30
71 10 13 1 30
71 10 15 1 30
71 14 17 3 30
72 1 2 1 30
72 2 3 1 30
72 2 17 1 30
72 6 12 2 30
72 6 16 2 30
72 10 11 2 30
72 10 13 2 30
72 12 15 1 30
72 14 14 4 30
72 15 16 1 30
73 1 11 1 30
73 3 11 1 30
73 6 13 2 30
73 6 15 2 30
73 10 11 2 30
73 10 13 2 30
73 11 17 1 30
73 13 15 1 30
73 14 14 4 30
73 15 15 2 30
74 0 6 1 30
74 2 10 3 30
74 2 14 3 30
74 4 6 1 30
74 6 8 1 30
74 12 12 4 30
74 12 16 2 30
74 16 16 4 30
75 2 10 2 30
75 2 14 2 30
75 5 6 1 30
75 6 7 1 30
75 6 9 1 30
75 10 11 1 30
75 11 14 1 30
75 12 12 4 30
75 13 16 2 30
75 15 16 2 30
76 1 6 1 30
76 2 10 2 30
76 2 14 2 30
76 3 6 1 30
76 6 17 1 30
76 10 11 1 30
76 11 14 1 30
76 12 13 2 30
76 12 15 2 30
76 16 16 4 30
77 2 10 1 30
77 2 14 1 30
77 6 6 2 30
77 6 10 1 30
77 6 14 1 30
77 10 11 2 30
77 11 14 2 30
77 12 13 2 30
77 13 16 2 30
77 15 15 4 30
78 2 6 1 30
78 2 10 1 30
78 2 14 1 30
78 6 12 1 30
78 6 16 1 30
78 10 11 2 30
78 11 14 2 30
78 12 15 2 30
78 13 13 4 30
78 15 16 2 30
79 6 11 1 30
79 6 13 1 30
79 6 15 1 30
79 10 11 3 30
79 11 14 3 30
79 13 13 4 30
79 13 15 2 30
79 15 15 4 30
80 0 12 3 30
80 0 16 1 30
80 2 2 6 30
80 4 12 2 30
80 4 16 2 30
80 8 12 1 30
80 8 16 3 30
81 0 12 2 30
81 2 2 4 30
81 2 11 1 30
81 4 12 2 30
81 5 16 2 30
81 7 16 2 30
81 8 13 1 30
81 8 15 1 30
81 9 12 1 30
81 9 16 1 30
82 0 12 2 30
82 1 16 1 30
82 2 2 4 30
82 2 11 1 30
82 3 16 1 30
82 4 13 1 30
82 4 15 1 30
82 5 12 1 30
82 7 12 1 30
82 8 16 2 30
82 9 12 1 30
82 16 17 1 30
83 0 12 1 30
83 2 2 2 30
83 2 11 2 30
83 4 13 1 30
83 5 12 1 30
83 5 16 1 30
83 6 16 1 30
83 7 15 2 30
83 8 13 1 30
83 9 12 2 30
83 10 16 1 30
83 14 16 1 30
84 0 12 1 30
84 2 2 2 30
84 2 11 2 30
84 2 16 1 30
84 4 15 1 30
84 5 13 2 30
84 7 12 1 30
84 7 16 1 30
84 8 15 1 30
84 9 12 2 30
84 12 16 1 30
84 16 16 2 30
85 2 11 3 30
85 5 13 2 30
85 5 15 1 30
85 7 13 1 30
85 7 15 2 30
85 9 12 3 30
85 11 16 1 30
85 13 16 1 30
85 15 16 1 30
86 0 13 1 30
86 0 15 1 30
86 1 12 2 30
86 2 2 4 30
86 2 11 1 30
86 3 12 2 30
86 4 16 2 30
86 8 16 2 30
86 12 17 1 30
86 16 17 1 30
87 0 13 1 30
87 1 12 1 30
87 1 16 1 30
87 2 2 2 30
87 2 11 2 30
87 3 15 2 30
87 4 13 1 30
87 6 12 1 30
87 8 16 1 30
87 10 12 1 30
87 12 14 1 30
87 16 17 2 30
88 0 13 1 30
88 2 11 3 30
88 4 13 1 30
88 6 15 3 30
88 8 13 1 30
88 10 12 2 30
88 10 16 1 30
88 12 14 1 30
88 14 16 2 30
89 1 12 1 30
89 2 2 2 30
89 2 11 1 30
89 2 16 1 30
89 3 15 1 30
89 5 13 1 30
89 6 12 1 30
89 7 16 1 30
89 9 13 1 30
89 10 12 1 30
89 11 11 2 30
89 12 15 1 30
89 13 14 1 30
89 15 17 1 30
89 16 16 2 30
90 2 11 2 30
90 5 13 1 30
90 6 15 2 30
90 7 13 1 30
90 9 13 1 30
90 10 12 2 30
90 11 11 2 30
90 11 16 1 30
90 13 14 1 30
90 13 16 1 30
90 14 15 1 30
90 15 15 2 30
91 0 15 1 30
91 1 13 2 30
91 2 2 2 30
91 2 11 2 30
91 2 12 1 30
91 3 12 1 30
91 3 16 1 30
91 4 15 1 30
91 8 16 1 30
91 12 12 2 30
91 12 16 1 30
91 16 17 2 30
92 1 13 1 30
92 2 2 2 30
92 2 11 1 30
92 2 12 1 30
92 3 12 1 30
92 5 16 1 30
92 6 16 1 30
92 7 15 1 30
92 9 15 1 30
92 10 13 1 30
92 11 11 2 30
92 12 12 2 30
92 13 17 1 30
92 14 16 1 30
92 15 16 1 30
93 1 13 2 30
93 1 15 1 30
93 2 11 3 30
93 3 13 1 30
93 3 15 2 30
93 11 12 1 30
93 12 13 1 30
93 12 15 1 30
93 16 17 3 30
94 1 13 1 30
94 2 11 2 30
94 3 13 1 30
94 6 15 2 30
94 10 13 1 30
94 10 15 1 30
94 11 11 2 30
94 11 12 1 30
94 12 13 1 30
94 13 17 1 30
94 14 16 2 30
94 15 15 2 30
95 2 2 2 30
95 2 12 1 30
95 2 16 1 30
95 6 12 1 30
95 6 16 1 30
95 10 13 2 30
95 11 11 4 30
95 12 15 2 30
95 13 14 2 30
95 15 16 2 30
96 2 11 1 30
96 6 13 1 30
96 6 15 1 30
96 10 13 2 30
96 11 11 4 30
96 11 12 1 30
96 11 16 1 30
96 13 14 2 30
96 13 15 2 30
96 15 15 4 30
97 0 15 1 30
97 2 11 3 30
97 2 13 3 30
97 4 15 1 30
97 8 15 1 30
97 12 12 4 30
97 12 16 2 30
97 16 16 4 30
98 2 11 2 30
98 2 13 2 30
98 5 15 1 30
98 7 15 1 30
98 9 15 1 30
98 11 11 2 30
98 11 13 1 30
98 12 12 4 30
98 13 16 2 30
98 15 16 2 30
99 1 15 1 30
99 2 11 2 30
99 2 13 2 30
99 3 15 1 30
99 11 11 2 30
99 11 13 1 30
99 12 13 2 30
99 12 15 2 30
99 15 17 1 30
99 16 16 4 30
100 2 11 1 30
100 2 13 1 30
100 6 15 1 30
100 10 15 1 30
100 11 11 4 30
100 11 13 2 30
100 12 13 2 30
100 13 16 2 30
100 14 15 1 30
100 15 15 4 30
101 2 11 1 30
101 2 13 1 30
101 2 15 1 30
101 11 11 4 30
101 11 13 2 30
101 12 15 3 30
101 13 13 4 30
101 15 16 3 30
102 11 11 6 30
102 11 13 3 30
102 11 15 1 30
102 13 13 4 30
102 13 15 3 30
102 15 15 6 30
1
0 0 0 2 20
0 0 5 1 20
0 0 10 1 20
0 0 15 1 20
0 5 5 2 20
0 5 10 1 20
0 5 15 1 20
0 10 10 2 20
0 10 15 1 20
0 15 15 2 20
1 0 0 2 20
1 1 5 1 20
1 1 10 1 20
1 1 15 1 20
1 4 5 1 20
1 4 10 1 20
1 4 15 1 20
2 0 1 1 20
2 0 4 1 20
2 5 5 2 20
2 6 10 1 20
2 6 15 1 20
2 9 10 1 20
2 9 15 1 20
3 0 1 1 20
3 1 5 1 20
3 2 10 1 20
3 2 15 1 20
3 4 4 2 20
4 0 4 1 20
4 1 1 2 20
4 4 5 1 20
4 8 10 1 20
4 8 15 1 20
5 1 1 2 20
5 1 4 1 20
5 4 4 2 20
6 0 6 1 20
6 0 9 1 20
6 5 6 1 20
6 5 9 1 20
6 10 10 2 20
6 11 15 1 20
6 14 15 1 20
7 0 2 1 20
7 5 6 1 20
7 6 10 1 20
7 7 15 1 20
7 9 9 2 20
8 0 2 1 20
8 2 5 1 20
8 2 10 1 20
8 3 15 1 20
9 1 2 1 20
9 4 6 1 20
9 8 9 1 20
10 1 2 1 20
10 2 4 1 20
11 0 8 1 20
11 5 9 1 20
11 6 6 2 20
11 9 10 1 20
11 13 15 1 20
12 1 9 1 20
12 2 6 1 20
12 4 8 1 20
13 6 6 2 20
13 6 9 1 20
13 9 9 2 20
14 2 6 1 20
14 2 9 1 20
15 2 2 2 20
15 8 8 2 20
16 2 2 2 20
17 0 8 1 20
17 5 8 1 20
17 8 10 1 20
17 12 15 1 20
18 1 8 1 20
18 4 8 1 20
19 6 8 1 20
19 8 9 1 20
20 2 8 1 20
21 8 8 2 20
23 0 11 1 20
23 0 14 1 20
23 5 11 1 20
23 5 14 1 20
23 10 11 1 20
23 10 14 1 20
23 15 15 2 20
24 0 7 1 20
24 5 7 1 20
24 10 11 1 20
24 11 15 1 20
24 14 14 2 20
25 0 3 1 20
25 5 7 1 20
25 7 10 1 20
25 7 15 1 20
26 0 3 1 20
26 3 5 1 20
26 3 10 1 20
26 3 15 1 20
27 1 3 1 20
27 4 7 1 20
28 1 3 1 20
28 3 4 1 20
29 6 7 1 20
29 9 11 1 20
29 13 14 1 20
30 6 7 1 20
30 7 9 1 20
31 3 6 1 20
31 3 9 1 20
32 2 3 1 20
33 2 3 1 20
34 8 11 1 20
34 12 14 1 20
35 7 8 1 20
36 3 8 1 20
39 0 13 1 20
39 5 13 1 20
39 10 14 1 20
39 11 11 2 20
39 14 15 1 20
40 6 14 1 20
40 7 11 1 20
40 9 13 1 20
41 2 14 1 20
41 3 11 1 20
42 11 11 2 20
42 11 14 1 20
42 14 14 2 20
43 7 11 1 20
43 7 14 1 20
44 3 11 1 20
44 3 14 1 20
45 7 7 2 20
45 13 13 2 20
46 3 7 1 20
47 7 7 2 20
48 3 7 1 20
49 3 3 2 20
50 3 3 2 20
51 12 13 1 20
57 0 12 1 20
57 5 13 1 20
57 10 13 1 20
57 13 15 1 20
58 1 13 1 20
58 4 12 1 20
59 6 13 1 20
59 9 13 1 20
60 2 13 1 20
61 8 12 1 20
63 11 13 1 20
63 13 14 1 20
64 7 13 1 20
65 3 13 1 20
68 13 13 2 20
74 12 12 2 20
80 0 12 1 20
80 5 12 1 20
80 10 12 1 20
80 12 15 1 20
81 1 12 1 20
81 4 12 1 20
82 6 12 1 20
82 9 12 1 20
83 2 12 1 20
84 8 12 1 20
86 11 12 1 20
86 12 14 1 20
87 7 12 1 20
88 3 12 1 20
91 12 13 1 20
97 12 12 2 20
2
1 10 10 2 20
1 10 13 1 20
1 13 13 2 20
2 0 10 1 20
2 0 13 1 20
3 4 10 1 20
3 4 13 1 20
3 9 10 1 20
3 9 13 1 20
4 1 10 1 20
4 1 13 1 20
4 6 10 1 20
4 6 13 1 20
5 2 10 1 20
5 2 13 1 20
5 5 10 1 20
5 5 13 1 20
5 8 10 1 20
5 8 13 1 20
6 0 0 2 20
7 0 4 1 20
7 0 9 1 20
8 4 4 2 20
8 4 9 1 20
8 9 9 2 20
9 0 4 1 20
9 1 9 1 20
9 6 10 1 20
9 7 13 1 20
10 2 10 1 20
10 3 13 1 20
10 4 4 2 20
10 5 9 1 20
10 8 9 1 20
11 0 1 1 20
11 0 6 1 20
12 0 1 1 20
12 4 6 1 20
12 9 10 1 20
12 12 13 1 20
13 0 2 1 20
13 0 5 1 20
13 0 8 1 20
14 0 2 1 20
14 4 5 1 20
14 4 8 1 20
14 9 9 2 20
15 1 4 1 20
15 1 9 1 20
15 4 6 1 20
15 6 9 1 20
16 2 4 1 20
16 2 9 1 20
16 4 5 1 20
16 5 9 1 20
16 8 8 2 20
17 1 1 2 20
17 1 6 1 20
17 6 6 2 20
18 1 1 2 20
18 2 6 1 20
18 5 6 1 20
18 8 10 1 20
18 11 13 1 20
19 0 8 1 20
19 1 2 1 20
19 1 5 1 20
19 6 6 2 20
20 1 2 1 20
20 2 6 1 20
20 4 8 1 20
20 5 5 2 20
20 8 9 1 20
21 1 5 1 20
21 1 8 1 20
21 2 2 2 20
21 5 6 1 20
21 6 8 1 20
22 2 2 2 20
22 2 5 1 20
22 2 8 1 20
22 5 5 2 20
22 5 8 1 20
22 8 8 2 20
27 7 10 1 20
27 7 13 1 20
28 3 10 1 20
28 3 13 1 20
29 0 7 1 20
30 0 3 1 20
31 0 3 1 20
32 4 7 1 20
32 7 9 1 20
33 3 4 1 20
33 3 9 1 20
34 1 7 1 20
34 6 7 1 20
35 1 3 1 20
35 6 7 1 20
36 1 3 1 20
36 3 6 1 20
37 2 3 1 20
37 5 7 1 20
37 7 8 1 20
38 2 3 1 20
38 3 5 1 20
38 3 8 1 20
40 0 12 1 20
41 4 12 1 20
41 9 12 1 20
46 12 12 2 20
51 7 7 2 20
52 3 7 1 20
52 11 12 1 20
53 7 7 2 20
54 3 7 1 20
55 3 3 2 20
56 3 3 2 20
58 10 12 1 20
58 12 13 1 20
59 0 11 1 20
60 4 11 1 20
60 9 12 1 20
61 1 12 1 20
61 6 12 1 20
62 2 12 1 20
62 5 12 1 20
62 8 11 1 20
66 7 12 1 20
67 3 12 1 20
69 12 12 2 20
75 11 11 2 20
81 10 11 1 20
81 11 13 1 20
82 0 11 1 20
83 4 11 1 20
83 9 11 1 20
84 1 11 1 20
84 6 11 1 20
85 2 11 1 20
85 5 11 1 20
85 8 11 1 20
89 7 11 1 20
90 3 11 1 20
92 11 12 1 20
98 11 11 2 20
3
2 13 13 2 20
6 0 13 1 20
6 3 13 1 20
7 7 13 1 20
7 12 13 1 20
9 6 13 1 20
11 4 13 1 20
11 9 13 1 20
12 1 13 1 20
13 5 13 1 20
13 8 13 1 20
13 11 13 1 20
14 2 13 1 20
19 10 13 1 20
23 0 0 2 20
23 0 3 1 20
23 3 3 2 20
24 0 7 1 20
24 0 12 1 20
24 3 7 1 20
24 3 12 1 20
25 7 7 2 20
25 7 12 1 20
25 12 12 2 20
27 6 7 1 20
27 6 12 1 20
29 0 6 1 20
29 3 7 1 20
29 4 12 1 20
29 9 13 1 20
30 5 13 1 20
30 7 7 2 20
30 8 12 1 20
30 11 12 1 20
31 2 13 1 20
32 6 6 2 20
34 0 6 1 20
34 3 6 1 20
35 6 7 1 20
35 10 12 1 20
37 6 6 2 20
39 0 4 1 20
39 0 9 1 20
39 3 4 1 20
39 3 9 1 20
40 0 1 1 20
40 3 4 1 20
40 7 9 1 20
40 12 13 1 20
41 0 1 1 20
41 1 3 1 20
42 0 5 1 20
42 0 8 1 20
42 0 11 1 20
42 3 5 1 20
42 3 8 1 20
42 3 11 1 20
43 0 2 1 20
43 3 5 1 20
43 7 8 1 20
43 7 11 1 20
43 12 12 2 20
44 0 2 1 20
44 2 3 1 20
45 4 7 1 20
45 4 12 1 20
45 7 9 1 20
45 9 12 1 20
46 1 7 1 20
46 1 12 1 20
47 5 7 1 20
47 5 12 1 20
47 7 8 1 20
47 8 12 1 20
47 11 11 2 20
48 2 7 1 20
48 2 12 1 20
51 4 6 1 20
51 6 9 1 20
52 1 6 1 20
53 5 6 1 20
53 6 8 1 20
53 10 11 1 20
54 2 6 1 20
57 4 4 2 20
57 4 9 1 20
57 9 9 2 20
58 1 4 1 20
58 1 9 1 20
59 4 4 2 20
59 5 9 1 20
59 8 9 1 20
59 11 13 1 20
60 1 4 1 20
60 2 9 1 20
61 1 1 2 20
62 1 1 2 20
63 0 10 1 20
63 3 11 1 20
63 4 5 1 20
63 4 8 1 20
63 9 9 2 20
64 4 5 1 20
64 5 9 1 20
64 7 11 1 20
64 8 8 2 20
64 11 12 1 20
65 2 4 1 20
65 2 9 1 20
66 1 2 1 20
66 6 10 1 20
67 1 2 1 20
68 4 8 1 20
68 4 11 1 20
68 5 5 2 20
68 8 9 1 20
68 9 11 1 20
69 1 8 1 20
69 1 11 1 20
69 2 5 1 20
70 5 5 2 20
70 5 8 1 20
70 5 11 1 20
70 8 8 2 20
70 8 11 1 20
70 11 11 2 20
71 2 5 1 20
71 2 8 1 20
71 2 11 1 20
72 2 2 2 20
73 2 2 2 20
76 10 10 2 20
82 10 13 1 20
86 0 10 1 20
86 3 10 1 20
87 7 10 1 20
87 10 12 1 20
89 6 10 1 20
91 4 10 1 20
91 9 10 1 20
92 1 10 1 20
93 5 10 1 20
93 8 10 1 20
93 10 11 1 20
94 2 10 1 20
99 10 10 2 20
4
3 15 15 2 20
7 0 15 1 20
8 4 15 1 20
8 9 15 1 20
8 14 15 1 20
9 1 15 1 20
10 5 15 1 20
10 8 15 1 20
12 11 15 1 20
14 10 15 1 20
14 13 15 1 20
15 2 15 1 20
15 7 15 1 20
16 3 15 1 20
16 6 15 1 20
20 12 15 1 20
24 0 0 2 20
25 0 4 1 20
25 0 9 1 20
25 0 14 1 20
26 4 4 2 20
26 4 9 1 20
26 4 14 1 20
26 9 9 2 20
26 9 14 1 20
26 14 14 2 20
27 0 4 1 20
27 1 9 1 20
27 1 14 1 20
28 4 4 2 20
28 5 9 1 20
28 5 14 1 20
28 8 9 1 20
28 8 14 1 20
29 0 1 1 20
30 0 5 1 20
30 0 8 1 20
31 4 5 1 20
31 4 8 1 20
31 9 9 2 20
31 10 14 1 20
31 13 14 1 20
32 1 4 1 20
32 1 9 1 20
32 2 14 1 20
32 7 15 1 20
33 3 15 1 20
33 4 5 1 20
33 5 9 1 20
33 6 14 1 20
33 8 8 2 20
34 1 1 2 20
35 0 8 1 20
35 1 5 1 20
36 4 8 1 20
36 5 5 2 20
36 8 9 1 20
36 12 14 1 20
37 1 5 1 20
37 1 8 1 20
38 5 5 2 20
38 5 8 1 20
38 8 8 2 20
40 0 11 1 20
41 4 11 1 20
41 9 11 1 20
41 14 15 1 20
43 0 10 1 20
43 0 13 1 20
44 4 10 1 20
44 4 13 1 20
44 9 10 1 20
44 9 13 1 20
44 14 14 2 20
45 0 2 1 20
45 0 7 1 20
46 0 2 1 20
46 4 7 1 20
46 9 11 1 20
46 11 14 1 20
47 0 3 1 20
47 0 6 1 20
48 0 3 1 20
48 4 6 1 20
48 9 10 1 20
48 10 14 1 20
48 13 13 2 20
49 2 4 1 20
49 2 9 1 20
49 2 14 1 20
49 4 7 1 20
49 7 9 1 20
49 7 14 1 20
50 3 4 1 20
50 3 9 1 20
50 3 14 1 20
50 4 6 1 20
50 6 9 1 20
50 6 14 1 20
51 1 2 1 20
51 1 7 1 20
52 1 2 1 20
52 5 7 1 20
52 8 11 1 20
53 1 3 1 20
53 1 6 1 20
54 1 3 1 20
54 5 6 1 20
54 8 10 1 20
54 12 13 1 20
55 2 5 1 20
55 2 8 1 20
55 5 7 1 20
55 7 8 1 20
56 3 5 1 20
56 3 8 1 20
56 5 6 1 20
56 6 8 1 20
58 11 11 2 20
60 10 11 1 20
60 13 15 1 20
61 2 11 1 20
61 7 11 1 20
62 3 11 1 20
62 6 11 1 20
64 0 12 1 20
65 4 12 1 20
65 9 13 1 20
65 10 10 2 20
65 13 14 1 20
66 1 13 1 20
66 2 10 1 20
66 7 11 1 20
67 3 11 1 20
67 5 13 1 20
67 6 10 1 20
67 8 12 1 20
69 10 11 1 20
69 11 13 1 20
71 10 10 2 20
71 10 13 1 20
71 13 13 2 20
72 2 10 1 20
72 2 13 1 20
72 7 10 1 20
72 7 13 1 20
73 3 10 1 20
73 3 13 1 20
73 6 10 1 20
73 6 13 1 20
74 2 2 2 20
74 2 7 1 20
74 7 7 2 20
75 2 2 2 20
75 3 7 1 20
75 6 7 1 20
76 2 3 1 20
76 2 6 1 20
76 7 7 2 20
77 2 3 1 20
77 3 7 1 20
77 6 6 2 20
77 12 12 2 20
78 2 6 1 20
78 3 3 2 20
78 6 7 1 20
79 3 3 2 20
79 3 6 1 20
79 6 6 2 20
83 12 15 1 20
87 0 12 1 20
88 4 12 1 20
88 9 12 1 20
88 12 14 1 20
89 1 12 1 20
90 5 12 1 20
90 8 12 1 20
92 11 12 1 20
94 10 12 1 20
94 12 13 1 20
95 2 12 1 20
95 7 12 1 20
96 3 12 1 20
96 6 12 1 20
100 12 12 2 20
5
4 15 15 2 20
9 14 15 1 20
11 0 15 1 20
12 4 15 1 20
15 8 15 1 20
15 13 15 1 20
17 1 15 1 20
17 6 15 1 20
17 11 15 1 20
18 2 15 1 20
18 5 15 1 20
19 7 15 1 20
19 10 15 1 20
20 3 15 1 20
21 9 15 1 20
21 12 15 1 20
27 14 14 2 20
29 0 14 1 20
32 8 14 1 20
32 13 14 1 20
34 1 14 1 20
34 6 14 1 20
34 11 15 1 20
35 7 15 1 20
35 10 14 1 20
36 3 15 1 20
37 9 14 1 20
37 12 14 1 20
39 0 0 2 20
40 0 4 1 20
41 4 4 2 20
45 0 8 1 20
45 0 13 1 20
46 4 8 1 20
46 4 13 1 20
49 8 8 2 20
49 8 13 1 20
49 13 13 2 20
51 0 8 1 20
51 1 13 1 20
51 6 14 1 20
51 11 14 1 20
52 2 14 1 20
52 4 8 1 20
52 5 13 1 20
53 7 14 1 20
53 10 14 1 20
54 3 14 1 20
55 8 8 2 20
55 9 13 1 20
55 12 13 1 20
57 0 1 1 20
57 0 6 1 20
57 0 11 1 20
58 0 1 1 20
58 4 6 1 20
58 4 11 1 20
59 0 2 1 20
59 0 5 1 20
60 0 2 1 20
60 4 5 1 20
61 1 4 1 20
61 4 6 1 20
61 8 11 1 20
61 13 15 1 20
62 2 4 1 20
62 4 5 1 20
63 0 7 1 20
63 0 10 1 20
64 0 3 1 20
65 0 3 1 20
66 4 7 1 20
66 8 10 1 20
66 13 14 1 20
67 3 4 1 20
68 0 9 1 20
68 0 12 1 20
69 4 9 1 20
69 4 12 1 20
72 8 9 1 20
72 8 12 1 20
72 13 13 2 20
74 1 8 1 20
74 1 13 1 20
74 6 8 1 20
74 6 13 1 20
74 8 11 1 20
74 11 13 1 20
75 2 8 1 20
75 2 13 1 20
75 5 8 1 20
75 5 13 1 20
76 7 8 1 20
76 7 13 1 20
76 8 10 1 20
76 10 13 1 20
77 3 8 1 20
77 3 13 1 20
78 8 9 1 20
78 9 13 1 20
78 12 12 2 20
80 1 1 2 20
80 1 6 1 20
80 1 11 1 20
80 6 6 2 20
80 6 11 1 20
80 11 11 2 20
81 1 1 2 20
81 2 6 1 20
81 2 11 1 20
81 5 6 1 20
81 5 11 1 20
82 1 2 1 20
82 1 5 1 20
82 6 6 2 20
82 7 11 1 20
82 10 11 1 20
83 1 2 1 20
83 2 6 1 20
83 3 11 1 20
83 5 5 2 20
84 1 5 1 20
84 2 2 2 20
84 5 6 1 20
84 9 11 1 20
84 12 15 1 20
85 2 2 2 20
85 2 5 1 20
85 5 5 2 20
86 1 7 1 20
86 1 10 1 20
86 6 7 1 20
86 6 10 1 20
86 11 11 2 20
87 1 3 1 20
87 6 7 1 20
87 7 11 1 20
87 10 10 2 20
88 1 3 1 20
88 3 6 1 20
88 3 11 1 20
89 2 3 1 20
89 5 7 1 20
89 9 10 1 20
89 12 14 1 20
90 2 3 1 20
90 3 5 1 20
91 0 12 1 20
91 1 9 1 20
91 6 10 1 20
91 7 7 2 20
91 10 11 1 20
92 2 10 1 20
92 3 7 1 20
92 4 12 1 20
92 5 9 1 20
93 7 7 2 20
93 7 10 1 20
93 10 10 2 20
94 3 7 1 20
94 3 10 1 20
95 3 3 2 20
95 8 12 1 20
95 9 9 2 20
95 12 13 1 20
96 3 3 2 20
97 1 9 1 20
97 1 12 1 20
97 6 9 1 20
97 6 12 1 20
97 9 11 1 20
97 11 12 1 20
98 2 9 1 20
98 2 12 1 20
98 5 9 1 20
98 5 12 1 20
99 7 9 1 20
99 7 12 1 20
99 9 10 1 20
99 10 12 1 20
100 3 9 1 20
100 3 12 1 20
101 9 9 2 20
101 9 12 1 20
101 12 12 2 20
6
5 15 15 2 20
10 14 15 1 20
13 0 15 1 20
14 4 15 1 20
16 8 15 1 20
16 13 15 1 20
18 11 15 1 20
19 1 15 1 20
20 5 15 1 20
20 10 15 1 20
21 2 15 1 20
21 7 15 1 20
22 3 15 1 20
22 6 15 1 20
22 9 15 1 20
22 12 15 1 20
28 14 14 2 20
30 0 14 1 20
31 4 14 1 20
33 8 14 1 20
33 13 14 1 20
35 1 14 1 20
36 5 14 1 20
36 10 14 1 20
37 2 14 1 20
37 7 15 1 20
38 3 15 1 20
38 6 14 1 20
38 9 14 1 20
38 12 14 1 20
42 0 0 2 20
43 0 4 1 20
44 4 4 2 20
47 0 8 1 20
47 0 13 1 20
48 4 8 1 20
48 4 13 1 20
50 8 8 2 20
50 8 13 1 20
50 13 13 2 20
52 11 14 1 20
53 0 8 1 20
53 1 13 1 20
54 4 8 1 20
54 5 13 1 20
54 10 14 1 20
55 2 14 1 20
55 7 14 1 20
56 3 14 1 20
56 6 14 1 20
56 8 8 2 20
56 9 13 1 20
56 12 13 1 20
59 0 11 1 20
60 4 11 1 20
62 8 11 1 20
62 13 15 1 20
63 0 1 1 20
64 0 5 1 20
64 0 10 1 20
65 4 5 1 20
65 4 10 1 20
66 1 4 1 20
67 4 5 1 20
67 8 10 1 20
67 13 14 1 20
68 0 2 1 20
68 0 7 1 20
69 0 2 1 20
69 4 7 1 20
70 0 3 1 20
70 0 6 1 20
70 0 9 1 20
70 0 12 1 20
71 0 3 1 20
71 4 6 1 20
71 4 9 1 20
71 4 12 1 20
72 2 4 1 20
72 4 7 1 20
73 3 4 1 20
73 4 6 1 20
73 8 9 1 20
73 8 12 1 20
73 13 13 2 20
75 8 11 1 20
75 11 13 1 20
76 1 8 1 20
76 1 13 1 20
77 5 8 1 20
77 5 13 1 20
77 8 10 1 20
77 10 13 1 20
78 2 8 1 20
78 2 13 1 20
78 7 8 1 20
78 7 13 1 20
79 3 8 1 20
79 3 13 1 20
79 6 8 1 20
79 6 13 1 20
79 8 9 1 20
79 9 13 1 20
79 12 12 2 20
81 11 11 2 20
82 1 11 1 20
83 5 11 1 20
83 10 11 1 20
84 2 11 1 20
84 7 11 1 20
85 3 11 1 20
85 6 11 1 20
85 9 11 1 20
85 12 15 1 20
86 1 1 2 20
87 1 5 1 20
87 1 10 1 20
88 5 5 2 20
88 5 10 1 20
88 10 10 2 20
89 1 5 1 20
89 2 10 1 20
89 7 11 1 20
90 3 11 1 20
90 5 5 2 20
90 6 10 1 20
90 9 10 1 20
90 12 14 1 20
91 1 2 1 20
91 1 7 1 20
92 1 2 1 20
92 5 7 1 20
92 10 11 1 20
93 0 12 1 20
93 1 3 1 20
93 1 6 1 20
93 1 9 1 20
94 1 3 1 20
94 4 12 1 20
94 5 6 1 20
94 5 9 1 20
94 10 10 2 20
95 2 5 1 20
95 2 10 1 20
95 5 7 1 20
95 7 10 1 20
96 3 5 1 20
96 3 10 1 20
96 5 6 1 20
96 6 10 1 20
96 8 12 1 20
96 9 9 2 20
96 12 13 1 20
97 2 2 2 20
97 2 7 1 20
97 7 7 2 20
98 2 2 2 20
98 3 7 1 20
98 6 7 1 20
98 9 11 1 20
98 11 12 1 20
99 1 9 1 20
99 1 12 1 20
99 2 3 1 20
99 2 6 1 20
99 7 7 2 20
100 2 3 1 20
100 3 7 1 20
100 5 9 1 20
100 5 12 1 20
100 6 6 2 20
100 9 10 1 20
100 10 12 1 20
101 2 6 1 20
101 2 9 1 20
101 2 12 1 20
101 3 3 2 20
101 6 7 1 20
101 7 9 1 20
101 7 12 1 20
102 3 3 2 20
102 3 6 1 20
102 3 9 1 20
102 3 12 1 20
102 6 6 2 20
102 6 9 1 20
102 6 12 1 20
102 9 9 2 20
102 9 12 1 20
102 12 12 2 20
