0
0 0 10 9 140
0 0 13 3 140
0 0 26 1 140
0 3 10 6 140
0 3 13 6 140
0 3 26 1 140
0 6 10 3 140
0 6 13 9 140
0 6 26 1 140
0 7 7 12 140
0 7 8 6 140
0 8 8 12 140
0 9 14 4 140
0 9 15 4 140
0 9 16 4 140
0 9 26 1 140
1 0 0 8 140
1 0 3 4 140
1 0 10 2 140
1 0 18 2 140
1 3 3 8 140
1 3 10 2 140
1 3 18 2 140
1 4 6 6 140
1 5 6 6 140
1 6 10 2 140
1 6 18 2 140
1 7 9 6 140
1 7 13 3 140
1 7 17 3 140
1 8 9 6 140
1 8 13 3 140
1 8 17 3 140
1 9 11 1 140
1 9 12 1 140
1 9 23 1 140
1 9 24 1 140
1 10 10 4 140
1 10 13 2 140
1 13 13 4 140
2 0 10 6 140
2 0 13 3 140
2 0 18 3 140
2 0 26 1 140
2 3 10 3 140
2 3 13 6 140
2 3 18 3 140
2 3 26 1 140
2 4 7 6 140
2 4 8 3 140
2 5 7 3 140
2 5 8 6 140
2 6 14 3 140
2 6 15 3 140
2 6 16 3 140
2 6 18 3 140
2 6 26 1 140
2 9 17 9 140
2 9 19 1 140
2 9 20 1 140
2 9 21 1 140
2 9 31 1 140
3 0 26 4 140
3 3 26 4 140
3 6 26 4 140
3 7 14 9 140
3 7 15 6 140
3 7 16 3 140
3 8 14 3 140
3 8 15 6 140
3 8 16 9 140
3 9 27 1 140
3 9 28 1 140
3 9 29 1 140
3 9 30 1 140
3 10 10 12 140
3 10 13 6 140
3 13 13 12 140
4 0 0 8 140
4 0 3 4 140
4 0 10 2 140
4 0 18 2 140
4 1 6 2 140
4 2 6 2 140
4 3 4 4 140
4 3 5 4 140
4 3 10 2 140
4 3 18 2 140
4 4 13 2 140
4 5 13 2 140
4 6 6 8 140
4 6 11 1 140
4 6 12 1 140
4 6 22 2 140
4 7 9 6 140
4 7 10 1 140
4 7 17 2 140
4 7 25 1 140
4 8 9 6 140
4 8 10 1 140
4 8 17 2 140
4 8 25 1 140
4 9 13 2 140
4 9 23 1 140
4 9 24 1 140
4 10 10 2 140
4 10 13 1 140
4 10 18 1 140
4 13 17 2 140
4 13 18 1 140
5 0 0 8 140
5 0 3 4 140
5 0 10 2 140
5 0 18 2 140
5 1 6 2 140
5 2 6 2 140
5 3 4 4 140
5 3 5 4 140
5 3 10 2 140
5 3 18 2 140
5 4 9 2 140
5 4 13 2 140
5 4 17 2 140
5 5 9 2 140
5 5 13 2 140
5 5 17 2 140
5 6 7 4 140
5 6 8 4 140
5 6 11 1 140
5 6 12 1 140
5 6 23 1 140
5 6 24 1 140
5 7 18 1 140
5 7 22 1 140
5 8 18 1 140
5 8 22 1 140
5 9 9 8 140
5 9 17 2 140
5 9 25 2 140
5 10 18 2 140
5 13 18 2 140
5 17 17 4 140
6 0 10 6 140
6 3 10 6 140
6 4 13 6 140
6 5 13 6 140
6 6 11 3 140
6 6 12 3 140
6 7 7 8 140
6 7 8 4 140
6 7 23 2 140
6 7 24 1 140
6 7 26 1 140
6 8 8 8 140
6 8 23 1 140
6 8 24 2 140
6 8 26 1 140
6 9 14 2 140
6 9 15 2 140
6 9 16 2 140
6 10 18 3 140
6 10 26 1 140
6 13 18 3 140
6 13 26 1 140
6 14 17 2 140
6 15 17 2 140
6 16 17 2 140
7 0 10 3 140
7 0 13 3 140
7 0 18 6 140
7 0 26 1 140
7 1 7 2 140
7 1 8 1 140
7 2 7 1 140
7 2 8 2 140
7 3 14 2 140
7 3 15 2 140
7 3 16 2 140
7 3 18 6 140
7 3 26 1 140
7 4 4 8 140
7 4 5 4 140
7 5 5 8 140
7 6 17 6 140
7 6 19 2 140
7 6 20 2 140
7 6 21 2 140
7 6 31 1 140
7 9 17 6 140
7 9 22 3 140
7 9 25 3 140
7 9 31 1 140
8 0 18 6 140
8 3 18 6 140
8 4 4 8 140
8 4 5 4 140
8 5 5 8 140
8 6 19 2 140
8 6 20 2 140
8 6 21 2 140
8 7 11 2 140
8 7 12 1 140
8 7 17 6 140
8 7 31 1 140
8 8 11 1 140
8 8 12 2 140
8 8 17 6 140
8 8 31 1 140
8 9 23 3 140
8 9 24 3 140
8 10 10 6 140
8 10 13 3 140
8 10 26 1 140
8 13 14 2 140
8 13 15 2 140
8 13 16 2 140
8 13 26 1 140
9 0 26 4 140
9 3 26 4 140
9 4 14 6 140
9 4 15 4 140
9 4 16 2 140
9 5 14 2 140
9 5 15 4 140
9 5 16 6 140
9 6 27 1 140
9 6 28 1 140
9 6 29 1 140
9 6 30 1 140
9 7 19 3 140
9 7 20 2 140
9 7 21 1 140
9 8 19 1 140
9 8 20 2 140
9 8 21 3 140
9 9 31 4 140
9 10 18 6 140
9 13 18 6 140
9 17 17 12 140
10 7 27 4 140
10 7 28 3 140
10 7 29 2 140
10 7 30 1 140
10 8 27 1 140
10 8 28 2 140
10 8 29 3 140
10 8 30 4 140
10 10 26 10 140
10 13 26 10 140
10 14 14 12 140
10 14 15 6 140
10 14 16 2 140
10 15 15 8 140
10 15 16 6 140
10 16 16 12 140
11 0 0 8 140
11 0 4 2 140
11 0 5 2 140
11 0 10 2 140
11 0 18 2 140
11 1 3 4 140
11 1 13 1 140
11 2 3 4 140
11 2 13 1 140
11 3 6 4 140
11 3 11 1 140
11 3 12 1 140
11 3 22 2 140
11 4 10 2 140
11 5 10 2 140
11 6 6 8 140
11 6 13 2 140
11 6 22 2 140
11 7 9 6 140
11 7 17 1 140
11 7 25 2 140
11 8 9 6 140
11 8 17 1 140
11 8 25 2 140
11 9 13 2 140
11 9 23 1 140
11 9 24 1 140
11 10 17 1 140
11 10 18 2 140
11 13 17 1 140
11 13 22 1 140
11 13 25 1 140
12 0 0 8 140
12 0 4 2 140
12 0 5 2 140
12 0 10 2 140
12 0 18 2 140
12 1 3 4 140
12 1 13 1 140
12 2 3 4 140
12 2 13 1 140
12 3 6 4 140
12 3 11 1 140
12 3 12 1 140
12 3 22 2 140
12 4 9 2 140
12 4 10 1 140
12 4 17 1 140
12 4 18 1 140
12 4 25 1 140
12 5 9 2 140
12 5 10 1 140
12 5 17 1 140
12 5 18 1 140
12 5 25 1 140
12 6 7 4 140
12 6 8 4 140
12 6 13 2 140
12 6 23 1 140
12 6 24 1 140
12 7 22 1 140
12 8 22 1 140
12 9 9 8 140
12 9 17 2 140
12 9 25 2 140
12 10 18 1 140
12 13 22 1 140
12 17 17 2 140
12 17 18 1 140
12 17 25 1 140
12 18 18 2 140
13 0 10 6 140
13 1 13 3 140
13 2 13 3 140
13 3 11 3 140
13 3 12 3 140
13 4 10 3 140
13 4 26 1 140
13 5 10 3 140
13 5 26 1 140
13 6 13 6 140
13 7 7 8 140
13 7 8 4 140
13 7 23 2 140
13 7 24 1 140
13 8 8 8 140
13 8 23 1 140
13 8 24 2 140
13 9 14 2 140
13 9 15 2 140
13 9 16 2 140
13 10 18 3 140
13 13 22 3 140
13 14 17 1 140
13 14 25 1 140
13 15 17 1 140
13 15 25 1 140
13 16 17 1 140
13 16 25 1 140
13 17 26 1 140
13 18 26 1 140
14 0 0 8 140
14 0 4 2 140
14 0 5 2 140
14 0 10 2 140
14 0 18 2 140
14 1 3 4 140
14 1 13 1 140
14 1 17 1 140
14 2 3 4 140
14 2 13 1 140
14 2 17 1 140
14 3 7 2 140
14 3 8 2 140
14 3 11 1 140
14 3 12 1 140
14 3 23 1 140
14 3 24 1 140
14 4 6 4 140
14 4 18 2 140
14 4 22 2 140
14 5 6 4 140
14 5 18 2 140
14 5 22 2 140
14 6 9 4 140
14 6 17 2 140
14 6 25 2 140
14 9 9 8 140
14 9 17 2 140
14 9 25 2 140
14 17 22 2 140
14 17 25 2 140
14 18 18 4 140
15 0 0 8 140
15 1 3 4 140
15 2 3 4 140
15 4 6 4 140
15 4 10 2 140
15 4 18 2 140
15 4 22 2 140
15 5 6 4 140
15 5 10 2 140
15 5 18 2 140
15 5 22 2 140
15 7 9 4 140
15 7 13 2 140
15 7 17 2 140
15 7 25 2 140
15 8 9 4 140
15 8 13 2 140
15 8 17 2 140
15 8 25 2 140
15 10 10 4 140
15 10 18 2 140
15 11 13 2 140
15 11 17 1 140
15 12 13 2 140
15 12 17 1 140
15 13 23 1 140
15 13 24 1 140
15 17 23 2 140
15 17 24 2 140
15 18 18 4 140
16 0 10 6 140
16 1 13 3 140
16 2 13 3 140
16 3 11 3 140
16 3 12 3 140
16 4 7 4 140
16 4 8 2 140
16 4 18 3 140
16 4 23 2 140
16 4 24 1 140
16 4 26 1 140
16 5 7 2 140
16 5 8 4 140
16 5 18 3 140
16 5 23 1 140
16 5 24 2 140
16 5 26 1 140
16 6 14 2 140
16 6 15 2 140
16 6 16 2 140
16 9 17 6 140
16 14 22 1 140
16 15 22 1 140
16 16 22 1 140
16 17 19 1 140
16 17 20 1 140
16 17 21 1 140
16 17 25 3 140
16 17 31 1 140
16 18 18 6 140
16 18 26 1 140
17 4 26 4 140
17 5 26 4 140
17 7 14 6 140
17 7 15 4 140
17 7 16 2 140
17 8 14 2 140
17 8 15 4 140
17 8 16 6 140
17 10 10 12 140
17 11 13 6 140
17 12 13 6 140
17 14 23 3 140
17 14 24 1 140
17 15 23 2 140
17 15 24 2 140
17 16 23 1 140
17 16 24 3 140
17 17 27 1 140
17 17 28 1 140
17 17 29 1 140
17 17 30 1 140
17 18 26 4 140
18 0 14 1 140
18 0 15 1 140
18 0 16 1 140
18 0 18 9 140
18 0 26 1 140
18 1 4 6 140
18 1 5 3 140
18 2 4 3 140
18 2 5 6 140
18 3 17 3 140
18 3 19 3 140
18 3 20 3 140
18 3 21 3 140
18 3 31 1 140
18 6 17 3 140
18 6 22 6 140
18 6 25 3 140
18 6 31 1 140
18 9 17 3 140
18 9 22 3 140
18 9 25 6 140
18 9 31 1 140
19 0 18 6 140
19 1 4 4 140
19 1 5 2 140
19 2 4 2 140
19 2 5 4 140
19 3 19 2 140
19 3 20 2 140
19 3 21 2 140
19 4 11 2 140
19 4 12 1 140
19 5 11 1 140
19 5 12 2 140
19 6 22 6 140
19 7 17 3 140
19 7 25 3 140
19 7 31 1 140
19 8 17 3 140
19 8 25 3 140
19 8 31 1 140
19 9 23 3 140
19 9 24 3 140
19 10 14 1 140
19 10 15 1 140
19 10 16 1 140
19 10 18 3 140
19 10 26 1 140
19 13 17 3 140
19 13 19 1 140
19 13 20 1 140
19 13 21 1 140
19 13 31 1 140
20 0 18 6 140
20 1 4 4 140
20 1 5 2 140
20 2 4 2 140
20 2 5 4 140
20 3 19 2 140
20 3 20 2 140
20 3 21 2 140
20 4 11 2 140
20 4 12 1 140
20 4 17 3 140
20 4 31 1 140
20 5 11 1 140
20 5 12 2 140
20 5 17 3 140
20 5 31 1 140
20 6 23 3 140
20 6 24 3 140
20 7 22 3 140
20 8 22 3 140
20 9 25 6 140
20 10 18 3 140
20 13 19 1 140
20 13 20 1 140
20 13 21 1 140
20 14 18 1 140
20 15 18 1 140
20 16 18 1 140
20 17 17 6 140
20 17 31 1 140
20 18 26 1 140
21 4 11 6 140
21 4 12 3 140
21 5 11 3 140
21 5 12 6 140
21 7 23 6 140
21 7 24 3 140
21 8 23 3 140
21 8 24 6 140
21 10 18 9 140
21 13 19 3 140
21 13 20 3 140
21 13 21 3 140
21 14 17 3 140
21 14 26 1 140
21 14 31 1 140
21 15 17 3 140
21 15 26 1 140
21 15 31 1 140
21 16 17 3 140
21 16 26 1 140
21 16 31 1 140
21 26 26 2 140
22 0 26 4 140
22 1 14 3 140
22 1 15 2 140
22 1 16 1 140
22 2 14 1 140
22 2 15 2 140
22 2 16 3 140
22 3 27 1 140
22 3 28 1 140
22 3 29 1 140
22 3 30 1 140
22 4 19 6 140
22 4 20 4 140
22 4 21 2 140
22 5 19 2 140
22 5 20 4 140
22 5 21 6 140
22 6 31 4 140
22 9 31 4 140
22 17 22 6 140
22 17 25 6 140
22 18 18 12 140
23 4 19 6 140
23 4 20 4 140
23 4 21 2 140
23 5 19 2 140
23 5 20 4 140
23 5 21 6 140
23 7 31 4 140
23 8 31 4 140
23 10 26 4 140
23 11 14 3 140
23 11 15 2 140
23 11 16 1 140
23 12 14 1 140
23 12 15 2 140
23 12 16 3 140
23 13 27 1 140
23 13 28 1 140
23 13 29 1 140
23 13 30 1 140
23 17 23 6 140
23 17 24 6 140
23 18 18 12 140
24 4 27 4 140
24 4 28 3 140
24 4 29 2 140
24 4 30 1 140
24 5 27 1 140
24 5 28 2 140
24 5 29 3 140
24 5 30 4 140
24 14 19 6 140
24 14 20 3 140
24 14 21 1 140
24 15 19 3 140
24 15 20 4 140
24 15 21 3 140
24 16 19 1 140
24 16 20 3 140
24 16 21 6 140
24 17 31 10 140
24 18 26 10 140
25 14 27 10 140
25 14 28 6 140
25 14 29 3 140
25 14 30 1 140
25 15 27 4 140
25 15 28 6 140
25 15 29 6 140
25 15 30 4 140
25 16 27 1 140
25 16 28 3 140
25 16 29 6 140
25 16 30 10 140
25 26 26 20 140
26 0 1 6 140
26 0 2 6 140
26 0 11 1 140
26 0 12 1 140
26 0 22 2 140
26 1 10 3 140
26 2 10 3 140
26 3 3 8 140
26 3 6 4 140
26 3 13 2 140
26 3 22 2 140
26 6 6 8 140
26 6 13 2 140
26 6 22 2 140
26 7 9 6 140
26 7 25 3 140
26 8 9 6 140
26 8 25 3 140
26 9 13 2 140
26 9 23 1 140
26 9 24 1 140
26 10 22 2 140
26 10 25 1 140
26 13 22 1 140
26 13 25 2 140
27 0 1 6 140
27 0 2 6 140
27 0 11 1 140
27 0 12 1 140
27 0 22 2 140
27 1 10 2 140
27 1 18 1 140
27 2 10 2 140
27 2 18 1 140
27 3 3 8 140
27 3 6 4 140
27 3 13 2 140
27 3 22 2 140
27 4 9 2 140
27 4 25 2 140
27 5 9 2 140
27 5 25 2 140
27 6 7 4 140
27 6 8 4 140
27 6 13 2 140
27 6 23 1 140
27 6 24 1 140
27 7 22 1 140
27 8 22 1 140
27 9 9 8 140
27 9 17 2 140
27 9 25 2 140
27 10 22 1 140
27 13 22 1 140
27 17 25 2 140
27 18 22 1 140
27 18 25 1 140
28 0 11 3 140
28 0 12 3 140
28 1 10 6 140
28 1 26 1 140
28 2 10 6 140
28 2 26 1 140
28 3 13 6 140
28 6 13 6 140
28 7 7 8 140
28 7 8 4 140
28 7 23 2 140
28 7 24 1 140
28 8 8 8 140
28 8 23 1 140
28 8 24 2 140
28 9 14 2 140
28 9 15 2 140
28 9 16 2 140
28 10 22 3 140
28 13 22 3 140
28 14 25 2 140
28 15 25 2 140
28 16 25 2 140
28 22 26 1 140
28 25 26 1 140
29 0 1 6 140
29 0 2 6 140
29 0 11 1 140
29 0 12 1 140
29 0 22 2 140
29 1 10 1 140
29 1 18 2 140
29 1 25 1 140
29 2 10 1 140
29 2 18 2 140
29 2 25 1 140
29 3 3 8 140
29 3 7 2 140
29 3 8 2 140
29 3 13 2 140
29 3 23 1 140
29 3 24 1 140
29 4 6 4 140
29 4 22 2 140
29 5 6 4 140
29 5 22 2 140
29 6 9 4 140
29 6 17 2 140
29 6 25 2 140
29 9 9 8 140
29 9 17 2 140
29 9 25 2 140
29 17 22 1 140
29 17 25 1 140
29 18 22 2 140
29 22 25 1 140
29 25 25 2 140
30 0 1 4 140
30 0 2 4 140
30 1 10 2 140
30 1 18 2 140
30 2 10 2 140
30 2 18 2 140
30 3 3 8 140
30 4 6 4 140
30 4 22 2 140
30 5 6 4 140
30 5 22 2 140
30 7 9 4 140
30 7 13 2 140
30 7 17 2 140
30 7 25 2 140
30 8 9 4 140
30 8 13 2 140
30 8 17 2 140
30 8 25 2 140
30 10 11 2 140
30 10 12 2 140
30 10 22 2 140
30 11 25 1 140
30 12 25 1 140
30 13 13 4 140
30 13 23 1 140
30 13 24 1 140
30 17 23 1 140
30 17 24 1 140
30 18 22 2 140
30 23 25 1 140
30 24 25 1 140
31 0 11 3 140
31 0 12 3 140
31 1 10 3 140
31 1 18 3 140
31 1 26 1 140
31 2 10 3 140
31 2 18 3 140
31 2 26 1 140
31 3 13 6 140
31 4 7 4 140
31 4 8 2 140
31 4 23 2 140
31 4 24 1 140
31 5 7 2 140
31 5 8 4 140
31 5 23 1 140
31 5 24 2 140
31 6 14 2 140
31 6 15 2 140
31 6 16 2 140
31 9 17 6 140
31 14 22 1 140
31 15 22 1 140
31 16 22 1 140
31 17 25 3 140
31 18 22 3 140
31 19 25 1 140
31 20 25 1 140
31 21 25 1 140
31 22 26 1 140
31 25 31 1 140
32 1 26 4 140
32 2 26 4 140
32 7 14 6 140
32 7 15 4 140
32 7 16 2 140
32 8 14 2 140
32 8 15 4 140
32 8 16 6 140
32 10 11 6 140
32 10 12 6 140
32 13 13 12 140
32 14 23 3 140
32 14 24 1 140
32 15 23 2 140
32 15 24 2 140
32 16 23 1 140
32 16 24 3 140
32 22 26 4 140
32 25 27 1 140
32 25 28 1 140
32 25 29 1 140
32 25 30 1 140
33 0 1 6 140
33 0 2 6 140
33 0 11 1 140
33 0 12 1 140
33 0 23 1 140
33 0 24 1 140
33 1 18 3 140
33 1 22 3 140
33 2 18 3 140
33 2 22 3 140
33 3 4 6 140
33 3 5 6 140
33 3 17 2 140
33 3 25 2 140
33 6 6 8 140
33 6 9 4 140
33 6 17 2 140
33 6 25 2 140
33 9 9 8 140
33 9 17 2 140
33 9 25 2 140
33 22 22 4 140
33 22 25 2 140
33 25 25 4 140
34 0 1 4 140
34 0 2 4 140
34 1 10 2 140
34 1 18 2 140
34 1 22 2 140
34 2 10 2 140
34 2 18 2 140
34 2 22 2 140
34 3 4 4 140
34 3 5 4 140
34 4 13 2 140
34 5 13 2 140
34 6 6 8 140
34 7 9 4 140
34 7 17 2 140
34 7 25 2 140
34 8 9 4 140
34 8 17 2 140
34 8 25 2 140
34 10 11 1 140
34 10 12 1 140
34 10 23 1 140
34 10 24 1 140
34 11 18 1 140
34 11 22 1 140
34 12 18 1 140
34 12 22 1 140
34 13 17 2 140
34 13 25 2 140
34 22 22 4 140
34 23 25 2 140
34 24 25 2 140
35 0 1 4 140
35 0 2 4 140
35 1 10 2 140
35 1 18 2 140
35 1 22 2 140
35 2 10 2 140
35 2 18 2 140
35 2 22 2 140
35 3 4 4 140
35 3 5 4 140
35 4 13 2 140
35 4 17 2 140
35 4 25 2 140
35 5 13 2 140
35 5 17 2 140
35 5 25 2 140
35 6 7 4 140
35 6 8 4 140
35 9 9 8 140
35 11 18 2 140
35 11 22 1 140
35 12 18 2 140
35 12 22 1 140
35 17 17 4 140
35 17 25 2 140
35 18 23 1 140
35 18 24 1 140
35 22 23 2 140
35 22 24 2 140
35 25 25 4 140
36 1 10 6 140
36 2 10 6 140
36 4 13 6 140
36 5 13 6 140
36 7 7 8 140
36 7 8 4 140
36 8 8 8 140
36 11 18 3 140
36 11 22 3 140
36 11 26 1 140
36 12 18 3 140
36 12 22 3 140
36 12 26 1 140
36 14 17 2 140
36 14 25 2 140
36 15 17 2 140
36 15 25 2 140
36 16 17 2 140
36 16 25 2 140
36 23 23 4 140
36 23 24 2 140
36 23 26 1 140
36 24 24 4 140
36 24 26 1 140
37 0 11 3 140
37 0 12 3 140
37 1 18 6 140
37 1 23 2 140
37 1 24 1 140
37 1 26 1 140
37 2 18 6 140
37 2 23 1 140
37 2 24 2 140
37 2 26 1 140
37 3 14 2 140
37 3 15 2 140
37 3 16 2 140
37 4 4 8 140
37 4 5 4 140
37 5 5 8 140
37 6 17 6 140
37 9 17 6 140
37 19 22 2 140
37 20 22 2 140
37 21 22 2 140
37 22 25 3 140
37 22 31 1 140
37 25 25 6 140
37 25 31 1 140
38 1 18 6 140
38 2 18 6 140
38 4 4 8 140
38 4 5 4 140
38 5 5 8 140
38 7 17 6 140
38 8 17 6 140
38 10 11 3 140
38 10 12 3 140
38 11 23 2 140
38 11 24 1 140
38 11 26 1 140
38 12 23 1 140
38 12 24 2 140
38 12 26 1 140
38 13 14 2 140
38 13 15 2 140
38 13 16 2 140
38 19 22 2 140
38 20 22 2 140
38 21 22 2 140
38 23 25 3 140
38 23 31 1 140
38 24 25 3 140
38 24 31 1 140
39 1 26 4 140
39 2 26 4 140
39 4 14 6 140
39 4 15 4 140
39 4 16 2 140
39 5 14 2 140
39 5 15 4 140
39 5 16 6 140
39 11 18 6 140
39 12 18 6 140
39 17 17 12 140
39 19 23 3 140
39 19 24 1 140
39 20 23 2 140
39 20 24 2 140
39 21 23 1 140
39 21 24 3 140
39 22 27 1 140
39 22 28 1 140
39 22 29 1 140
39 22 30 1 140
39 25 31 4 140
40 11 26 10 140
40 12 26 10 140
40 14 14 12 140
40 14 15 6 140
40 14 16 2 140
40 15 15 8 140
40 15 16 6 140
40 16 16 12 140
40 23 27 4 140
40 23 28 3 140
40 23 29 2 140
40 23 30 1 140
40 24 27 1 140
40 24 28 2 140
40 24 29 3 140
40 24 30 4 140
41 0 19 4 140
41 0 20 4 140
41 0 21 4 140
41 0 31 1 140
41 1 1 12 140
41 1 2 6 140
41 2 2 12 140
41 3 22 9 140
41 3 25 3 140
41 3 31 1 140
41 6 22 6 140
41 6 25 6 140
41 6 31 1 140
41 9 22 3 140
41 9 25 9 140
41 9 31 1 140
42 0 19 2 140
42 0 20 2 140
42 0 21 2 140
42 1 1 8 140
42 1 2 4 140
42 1 11 2 140
42 1 12 1 140
42 2 2 8 140
42 2 11 1 140
42 2 12 2 140
42 3 22 6 140
42 6 22 6 140
42 7 25 6 140
42 7 31 1 140
42 8 25 6 140
42 8 31 1 140
42 9 23 3 140
42 9 24 3 140
42 10 19 2 140
42 10 20 2 140
42 10 21 2 140
42 10 31 1 140
42 13 22 3 140
42 13 25 3 140
42 13 31 1 140
43 0 19 2 140
43 0 20 2 140
43 0 21 2 140
43 1 1 8 140
43 1 2 4 140
43 1 11 2 140
43 1 12 1 140
43 2 2 8 140
43 2 11 1 140
43 2 12 2 140
43 3 22 6 140
43 4 25 3 140
43 4 31 1 140
43 5 25 3 140
43 5 31 1 140
43 6 23 3 140
43 6 24 3 140
43 7 22 3 140
43 8 22 3 140
43 9 25 6 140
43 10 19 1 140
43 10 20 1 140
43 10 21 1 140
43 13 22 3 140
43 17 25 3 140
43 17 31 1 140
43 18 19 1 140
43 18 20 1 140
43 18 21 1 140
43 18 31 1 140
44 1 11 6 140
44 1 12 3 140
44 2 11 3 140
44 2 12 6 140
44 7 23 6 140
44 7 24 3 140
44 8 23 3 140
44 8 24 6 140
44 10 19 3 140
44 10 20 3 140
44 10 21 3 140
44 13 22 9 140
44 14 25 3 140
44 14 31 1 140
44 15 25 3 140
44 15 31 1 140
44 16 25 3 140
44 16 31 1 140
44 19 26 1 140
44 20 26 1 140
44 21 26 1 140
44 26 31 1 140
45 0 19 2 140
45 0 20 2 140
45 0 21 2 140
45 1 1 8 140
45 1 2 4 140
45 1 11 2 140
45 1 12 1 140
45 1 31 1 140
45 2 2 8 140
45 2 11 1 140
45 2 12 2 140
45 2 31 1 140
45 3 23 3 140
45 3 24 3 140
45 4 22 6 140
45 5 22 6 140
45 6 25 6 140
45 9 25 6 140
45 17 22 3 140
45 17 25 3 140
45 18 19 2 140
45 18 20 2 140
45 18 21 2 140
45 22 31 1 140
45 25 31 1 140
46 1 1 8 140
46 1 2 4 140
46 2 2 8 140
46 4 22 6 140
46 5 22 6 140
46 7 25 6 140
46 8 25 6 140
46 10 19 2 140
46 10 20 2 140
46 10 21 2 140
46 11 11 4 140
46 11 12 2 140
46 11 31 1 140
46 12 12 4 140
46 12 31 1 140
46 13 23 3 140
46 13 24 3 140
46 17 23 3 140
46 17 24 3 140
46 18 19 2 140
46 18 20 2 140
46 18 21 2 140
46 23 31 1 140
46 24 31 1 140
47 1 11 6 140
47 1 12 3 140
47 2 11 3 140
47 2 12 6 140
47 4 23 6 140
47 4 24 3 140
47 5 23 3 140
47 5 24 6 140
47 14 22 3 140
47 15 22 3 140
47 16 22 3 140
47 17 25 9 140
47 18 19 3 140
47 18 20 3 140
47 18 21 3 140
47 19 26 1 140
47 19 31 1 140
47 20 26 1 140
47 20 31 1 140
47 21 26 1 140
47 21 31 1 140
47 31 31 2 140
48 11 11 12 140
48 11 12 6 140
48 12 12 12 140
48 14 23 9 140
48 14 24 3 140
48 15 23 6 140
48 15 24 6 140
48 16 23 3 140
48 16 24 9 140
48 19 26 4 140
48 20 26 4 140
48 21 26 4 140
48 27 31 1 140
48 28 31 1 140
48 29 31 1 140
48 30 31 1 140
49 0 27 1 140
49 0 28 1 140
49 0 29 1 140
49 0 30 1 140
49 1 19 9 140
49 1 20 6 140
49 1 21 3 140
49 2 19 3 140
49 2 20 6 140
49 2 21 9 140
49 3 31 4 140
49 6 31 4 140
49 9 31 4 140
49 22 22 12 140
49 22 25 6 140
49 25 25 12 140
50 1 19 6 140
50 1 20 4 140
50 1 21 2 140
50 2 19 2 140
50 2 20 4 140
50 2 21 6 140
50 7 31 4 140
50 8 31 4 140
50 10 27 1 140
50 10 28 1 140
50 10 29 1 140
50 10 30 1 140
50 11 19 3 140
50 11 20 2 140
50 11 21 1 140
50 12 19 1 140
50 12 20 2 140
50 12 21 3 140
50 13 31 4 140
50 22 22 12 140
50 23 25 6 140
50 24 25 6 140
51 1 19 6 140
51 1 20 4 140
51 1 21 2 140
51 2 19 2 140
51 2 20 4 140
51 2 21 6 140
51 4 31 4 140
51 5 31 4 140
51 11 19 3 140
51 11 20 2 140
51 11 21 1 140
51 12 19 1 140
51 12 20 2 140
51 12 21 3 140
51 17 31 4 140
51 18 27 1 140
51 18 28 1 140
51 18 29 1 140
51 18 30 1 140
51 22 23 6 140
51 22 24 6 140
51 25 25 12 140
52 11 19 9 140
52 11 20 6 140
52 11 21 3 140
52 12 19 3 140
52 12 20 6 140
52 12 21 9 140
52 14 31 4 140
52 15 31 4 140
52 16 31 4 140
52 23 23 12 140
52 23 24 6 140
52 24 24 12 140
52 26 27 1 140
52 26 28 1 140
52 26 29 1 140
52 26 30 1 140
53 1 27 4 140
53 1 28 3 140
53 1 29 2 140
53 1 30 1 140
53 2 27 1 140
53 2 28 2 140
53 2 29 3 140
53 2 30 4 140
53 19 19 12 140
53 19 20 6 140
53 19 21 2 140
53 20 20 8 140
53 20 21 6 140
53 21 21 12 140
53 22 31 10 140
53 25 31 10 140
54 11 27 4 140
54 11 28 3 140
54 11 29 2 140
54 11 30 1 140
54 12 27 1 140
54 12 28 2 140
54 12 29 3 140
54 12 30 4 140
54 19 19 12 140
54 19 20 6 140
54 19 21 2 140
54 20 20 8 140
54 20 21 6 140
54 21 21 12 140
54 23 31 10 140
54 24 31 10 140
55 19 27 10 140
55 19 28 6 140
55 19 29 3 140
55 19 30 1 140
55 20 27 4 140
55 20 28 6 140
55 20 29 6 140
55 20 30 4 140
55 21 27 1 140
55 21 28 3 140
55 21 29 6 140
55 21 30 10 140
55 31 31 20 140
56 27 27 20 140
56 27 28 10 140
56 27 29 4 140
56 27 30 1 140
56 28 28 12 140
56 28 29 9 140
56 28 30 4 140
56 29 29 12 140
56 29 30 10 140
56 30 30 20 140
1
0 0 46 3 210
0 3 46 3 210
0 4 4 4 210
0 4 7 2 210
0 4 14 2 210
0 4 19 1 210
0 4 32 2 210
0 4 36 1 210
0 7 7 4 210
0 7 14 1 210
0 7 19 2 210
0 7 32 1 210
0 7 36 2 210
0 8 47 1 210
0 8 48 1 210
0 8 49 1 210
0 13 46 3 210
0 14 14 4 210
0 14 19 2 210
0 14 32 2 210
0 14 36 1 210
0 19 19 4 210
0 19 32 1 210
0 19 36 2 210
0 20 47 1 210
0 20 48 1 210
0 20 49 1 210
0 26 47 1 210
0 26 48 1 210
0 26 49 1 210
0 31 46 3 210
0 32 32 4 210
0 32 36 2 210
0 36 36 4 210
0 37 47 1 210
0 37 48 1 210
0 37 49 1 210
0 42 47 1 210
0 42 48 1 210
0 42 49 1 210
0 45 47 1 210
0 45 48 1 210
0 45 49 1 210
1 0 0 4 210
1 1 3 2 210
1 1 13 2 210
1 1 31 2 210
1 2 3 2 210
1 2 13 2 210
1 2 31 2 210
1 4 8 2 210
1 4 20 2 210
1 4 37 2 210
1 4 46 1 210
1 4 50 1 210
1 6 26 1 210
1 6 42 1 210
1 6 45 1 210
1 7 8 2 210
1 7 20 2 210
1 7 37 2 210
1 7 46 1 210
1 7 50 1 210
1 9 26 1 210
1 9 42 1 210
1 9 45 1 210
1 12 26 1 210
1 12 42 1 210
1 12 45 1 210
1 14 21 2 210
1 14 25 2 210
1 14 38 1 210
1 14 41 1 210
1 14 46 1 210
1 14 50 1 210
1 17 26 1 210
1 17 42 1 210
1 17 45 1 210
1 19 21 2 210
1 19 25 2 210
1 19 38 1 210
1 19 41 1 210
1 19 46 1 210
1 19 50 1 210
1 21 32 1 210
1 21 36 1 210
1 25 32 1 210
1 25 36 1 210
1 32 38 2 210
1 32 41 2 210
1 32 46 1 210
1 32 50 1 210
1 36 38 2 210
1 36 41 2 210
1 36 46 1 210
1 36 50 1 210
1 46 46 2 210
2 0 46 3 210
2 1 4 2 210
2 1 7 1 210
2 1 14 2 210
2 1 19 1 210
2 1 32 2 210
2 1 36 1 210
2 2 4 1 210
2 2 7 2 210
2 2 14 1 210
2 2 19 2 210
2 2 32 1 210
2 2 36 2 210
2 3 47 1 210
2 3 48 1 210
2 3 49 1 210
2 8 50 3 210
2 13 47 1 210
2 13 48 1 210
2 13 49 1 210
2 20 50 3 210
2 21 21 4 210
2 21 25 2 210
2 21 38 2 210
2 21 41 1 210
2 25 25 4 210
2 25 38 1 210
2 25 41 2 210
2 26 51 1 210
2 26 52 1 210
2 26 53 1 210
2 31 47 1 210
2 31 48 1 210
2 31 49 1 210
2 37 50 3 210
2 38 38 4 210
2 38 41 2 210
2 41 41 4 210
2 42 51 1 210
2 42 52 1 210
2 42 53 1 210
2 45 51 1 210
2 45 52 1 210
2 45 53 1 210
3 4 47 3 210
3 4 48 2 210
3 4 49 1 210
3 7 47 1 210
3 7 48 2 210
3 7 49 3 210
3 14 47 3 210
3 14 48 2 210
3 14 49 1 210
3 19 47 1 210
3 19 48 2 210
3 19 49 3 210
3 32 47 3 210
3 32 48 2 210
3 32 49 1 210
3 36 47 1 210
3 36 48 2 210
3 36 49 3 210
3 46 46 6 210
4 0 1 2 210
4 0 2 2 210
4 1 46 1 210
4 2 46 1 210
4 3 3 4 210
4 4 8 2 210
4 4 21 1 210
4 4 25 1 210
4 4 38 1 210
4 4 41 1 210
4 4 50 1 210
4 5 13 2 210
4 5 31 2 210
4 6 20 1 210
4 6 37 1 210
4 7 8 2 210
4 7 21 1 210
4 7 25 1 210
4 7 38 1 210
4 7 41 1 210
4 7 50 1 210
4 9 20 1 210
4 9 37 1 210
4 10 14 1 210
4 10 19 1 210
4 10 32 1 210
4 10 36 1 210
4 11 13 2 210
4 11 31 2 210
4 12 20 1 210
4 12 37 1 210
4 14 18 1 210
4 14 26 2 210
4 14 42 2 210
4 14 54 1 210
4 16 45 1 210
4 17 20 1 210
4 17 37 1 210
4 18 19 1 210
4 18 32 1 210
4 18 36 1 210
4 19 26 2 210
4 19 42 2 210
4 19 54 1 210
4 21 46 1 210
4 22 45 1 210
4 25 46 1 210
4 30 45 1 210
4 32 43 2 210
4 32 44 2 210
4 32 54 1 210
4 33 45 1 210
4 36 43 2 210
4 36 44 2 210
4 36 54 1 210
4 38 46 1 210
4 41 46 1 210
4 46 50 1 210
5 0 1 2 210
5 0 2 2 210
5 1 21 1 210
5 1 25 1 210
5 1 38 1 210
5 1 41 1 210
5 1 46 1 210
5 1 50 1 210
5 2 21 1 210
5 2 25 1 210
5 2 38 1 210
5 2 41 1 210
5 2 46 1 210
5 2 50 1 210
5 3 4 2 210
5 3 7 2 210
5 5 14 1 210
5 5 19 1 210
5 5 32 1 210
5 5 36 1 210
5 6 13 1 210
5 6 31 1 210
5 8 8 4 210
5 9 13 1 210
5 9 31 1 210
5 10 20 2 210
5 10 37 2 210
5 11 14 1 210
5 11 19 1 210
5 11 32 1 210
5 11 36 1 210
5 12 13 1 210
5 12 31 1 210
5 13 17 1 210
5 17 31 1 210
5 18 20 2 210
5 18 37 2 210
5 21 26 2 210
5 21 42 2 210
5 21 50 1 210
5 21 54 1 210
5 24 45 1 210
5 25 26 2 210
5 25 42 2 210
5 25 50 1 210
5 25 54 1 210
5 27 45 1 210
5 35 45 1 210
5 38 43 2 210
5 38 44 2 210
5 38 50 1 210
5 38 54 1 210
5 39 45 1 210
5 41 43 2 210
5 41 44 2 210
5 41 50 1 210
5 41 54 1 210
5 50 50 2 210
6 1 46 3 210
6 2 46 3 210
6 4 4 4 210
6 4 7 2 210
6 6 14 2 210
6 6 19 1 210
6 6 32 2 210
6 6 36 1 210
6 7 7 4 210
6 9 14 1 210
6 9 19 2 210
6 9 32 1 210
6 9 36 2 210
6 12 14 2 210
6 12 19 1 210
6 12 32 2 210
6 12 36 1 210
6 14 17 1 210
6 17 19 2 210
6 17 32 1 210
6 17 36 2 210
6 21 47 1 210
6 21 48 1 210
6 21 49 1 210
6 25 47 1 210
6 25 48 1 210
6 25 49 1 210
6 38 47 1 210
6 38 48 1 210
6 38 49 1 210
6 41 47 1 210
6 41 48 1 210
6 41 49 1 210
6 47 50 1 210
6 48 50 1 210
6 49 50 1 210
7 0 47 1 210
7 0 48 1 210
7 0 49 1 210
7 1 1 4 210
7 1 2 2 210
7 2 2 4 210
7 3 50 3 210
7 5 21 2 210
7 5 25 1 210
7 5 38 2 210
7 5 41 1 210
7 8 50 3 210
7 10 21 2 210
7 10 25 1 210
7 10 38 2 210
7 10 41 1 210
7 11 21 1 210
7 11 25 2 210
7 11 38 1 210
7 11 41 2 210
7 13 51 1 210
7 13 52 1 210
7 13 53 1 210
7 18 21 1 210
7 18 25 2 210
7 18 38 1 210
7 18 41 2 210
7 20 51 1 210
7 20 52 1 210
7 20 53 1 210
7 26 54 3 210
7 31 51 1 210
7 31 52 1 210
7 31 53 1 210
7 37 51 1 210
7 37 52 1 210
7 37 53 1 210
7 42 54 3 210
7 43 43 4 210
7 43 44 2 210
7 44 44 4 210
7 45 55 1 210
7 45 56 1 210
7 45 57 1 210
8 1 1 4 210
8 1 2 2 210
8 2 2 4 210
8 4 50 3 210
8 6 21 2 210
8 6 25 1 210
8 6 38 2 210
8 6 41 1 210
8 7 50 3 210
8 9 21 2 210
8 9 25 1 210
8 9 38 2 210
8 9 41 1 210
8 12 21 1 210
8 12 25 2 210
8 12 38 1 210
8 12 41 2 210
8 14 51 1 210
8 14 52 1 210
8 14 53 1 210
8 17 21 1 210
8 17 25 2 210
8 17 38 1 210
8 17 41 2 210
8 19 51 1 210
8 19 52 1 210
8 19 53 1 210
8 32 51 1 210
8 32 52 1 210
8 32 53 1 210
8 36 51 1 210
8 36 52 1 210
8 36 53 1 210
8 46 47 1 210
8 46 48 1 210
8 46 49 1 210
9 1 47 3 210
9 1 48 2 210
9 1 49 1 210
9 2 47 1 210
9 2 48 2 210
9 2 49 3 210
9 21 51 3 210
9 21 52 2 210
9 21 53 1 210
9 25 51 1 210
9 25 52 2 210
9 25 53 3 210
9 38 51 3 210
9 38 52 2 210
9 38 53 1 210
9 41 51 1 210
9 41 52 2 210
9 41 53 3 210
9 50 50 6 210
10 47 47 6 210
10 47 48 3 210
10 47 49 1 210
10 48 48 4 210
10 48 49 3 210
10 49 49 6 210
11 0 5 2 210
11 0 11 2 210
11 3 5 2 210
11 3 11 2 210
11 4 10 2 210
11 4 18 2 210
11 4 43 1 210
11 4 44 1 210
11 4 54 1 210
11 5 46 1 210
11 6 8 1 210
11 7 10 2 210
11 7 18 2 210
11 7 43 1 210
11 7 44 1 210
11 7 54 1 210
11 8 9 1 210
11 8 12 1 210
11 8 17 1 210
11 10 46 1 210
11 11 46 1 210
11 13 13 4 210
11 14 20 2 210
11 14 26 2 210
11 14 43 1 210
11 14 44 1 210
11 14 54 1 210
11 15 31 2 210
11 16 37 1 210
11 16 42 1 210
11 18 46 1 210
11 19 20 2 210
11 19 26 2 210
11 19 43 1 210
11 19 44 1 210
11 19 54 1 210
11 22 37 1 210
11 22 42 1 210
11 23 32 1 210
11 23 36 1 210
11 28 32 1 210
11 28 36 1 210
11 29 31 2 210
11 30 37 1 210
11 30 42 1 210
11 32 34 1 210
11 32 40 1 210
11 32 45 2 210
11 32 58 1 210
11 33 37 1 210
11 33 42 1 210
11 34 36 1 210
11 36 40 1 210
11 36 45 2 210
11 36 58 1 210
11 43 46 1 210
11 44 46 1 210
11 46 54 1 210
12 0 5 2 210
12 0 11 2 210
12 1 10 1 210
12 1 18 1 210
12 1 43 1 210
12 1 44 1 210
12 1 54 1 210
12 2 10 1 210
12 2 18 1 210
12 2 43 1 210
12 2 44 1 210
12 2 54 1 210
12 3 6 1 210
12 3 9 1 210
12 3 12 1 210
12 3 17 1 210
12 4 5 1 210
12 4 11 1 210
12 5 7 1 210
12 5 46 1 210
12 7 11 1 210
12 8 10 2 210
12 8 18 2 210
12 10 50 1 210
12 11 46 1 210
12 13 14 2 210
12 13 19 2 210
12 15 32 1 210
12 15 36 1 210
12 16 31 1 210
12 18 50 1 210
12 20 20 4 210
12 21 26 2 210
12 21 43 1 210
12 21 44 1 210
12 21 54 1 210
12 22 31 1 210
12 23 37 2 210
12 24 42 1 210
12 25 26 2 210
12 25 43 1 210
12 25 44 1 210
12 25 54 1 210
12 27 42 1 210
12 28 38 1 210
12 28 41 1 210
12 29 32 1 210
12 29 36 1 210
12 30 31 1 210
12 31 33 1 210
12 34 37 2 210
12 35 42 1 210
12 38 40 1 210
12 38 45 2 210
12 38 58 1 210
12 39 42 1 210
12 40 41 1 210
12 41 45 2 210
12 41 58 1 210
12 43 50 1 210
12 44 50 1 210
12 50 54 1 210
13 4 6 2 210
13 4 9 1 210
13 4 12 2 210
13 4 17 1 210
13 5 46 3 210
13 6 7 1 210
13 7 9 2 210
13 7 12 1 210
13 7 17 2 210
13 10 47 1 210
13 10 48 1 210
13 10 49 1 210
13 11 46 3 210
13 14 14 4 210
13 14 19 2 210
13 16 32 2 210
13 16 36 1 210
13 18 47 1 210
13 18 48 1 210
13 18 49 1 210
13 19 19 4 210
13 22 32 1 210
13 22 36 2 210
13 30 32 2 210
13 30 36 1 210
13 32 33 1 210
13 33 36 2 210
13 43 47 1 210
13 43 48 1 210
13 43 49 1 210
13 44 47 1 210
13 44 48 1 210
13 44 49 1 210
13 47 54 1 210
13 48 54 1 210
13 49 54 1 210
14 0 6 1 210
14 0 9 1 210
14 0 12 1 210
14 0 17 1 210
14 1 5 2 210
14 1 11 2 210
14 2 5 2 210
14 2 11 2 210
14 3 10 2 210
14 3 18 2 210
14 5 43 1 210
14 5 44 1 210
14 5 50 1 210
14 5 54 1 210
14 8 10 2 210
14 8 18 2 210
14 10 43 1 210
14 10 44 1 210
14 10 50 1 210
14 10 54 1 210
14 11 43 1 210
14 11 44 1 210
14 11 50 1 210
14 11 54 1 210
14 13 21 2 210
14 13 25 2 210
14 15 38 1 210
14 15 41 1 210
14 18 43 1 210
14 18 44 1 210
14 18 50 1 210
14 18 54 1 210
14 20 21 2 210
14 20 25 2 210
14 23 38 1 210
14 23 41 1 210
14 24 31 1 210
14 24 37 1 210
14 26 26 4 210
14 27 31 1 210
14 27 37 1 210
14 28 42 2 210
14 29 38 1 210
14 29 41 1 210
14 31 35 1 210
14 31 39 1 210
14 34 38 1 210
14 34 41 1 210
14 35 37 1 210
14 37 39 1 210
14 40 42 2 210
14 43 45 2 210
14 43 54 1 210
14 43 58 1 210
14 44 45 2 210
14 44 54 1 210
14 44 58 1 210
14 54 54 2 210
15 1 5 2 210
15 1 11 2 210
15 2 5 2 210
15 2 11 2 210
15 4 10 2 210
15 4 18 2 210
15 6 43 1 210
15 6 44 1 210
15 6 46 1 210
15 6 50 1 210
15 6 54 1 210
15 7 10 2 210
15 7 18 2 210
15 9 43 1 210
15 9 44 1 210
15 9 46 1 210
15 9 50 1 210
15 9 54 1 210
15 12 43 1 210
15 12 44 1 210
15 12 46 1 210
15 12 50 1 210
15 12 54 1 210
15 14 21 2 210
15 14 25 2 210
15 16 38 1 210
15 16 41 1 210
15 17 43 1 210
15 17 44 1 210
15 17 46 1 210
15 17 50 1 210
15 17 54 1 210
15 19 21 2 210
15 19 25 2 210
15 22 38 1 210
15 22 41 1 210
15 24 32 1 210
15 24 36 1 210
15 27 32 1 210
15 27 36 1 210
15 30 38 1 210
15 30 41 1 210
15 32 35 1 210
15 32 39 1 210
15 33 38 1 210
15 33 41 1 210
15 35 36 1 210
15 36 39 1 210
16 1 6 2 210
16 1 9 1 210
16 1 12 2 210
16 1 17 1 210
16 2 6 1 210
16 2 9 2 210
16 2 12 1 210
16 2 17 2 210
16 5 47 1 210
16 5 48 1 210
16 5 49 1 210
16 10 50 3 210
16 11 47 1 210
16 11 48 1 210
16 11 49 1 210
16 18 50 3 210
16 21 21 4 210
16 21 25 2 210
16 24 38 2 210
16 24 41 1 210
16 25 25 4 210
16 27 38 1 210
16 27 41 2 210
16 35 38 2 210
16 35 41 1 210
16 38 39 1 210
16 39 41 2 210
16 43 51 1 210
16 43 52 1 210
16 43 53 1 210
16 44 51 1 210
16 44 52 1 210
16 44 53 1 210
16 51 54 1 210
16 52 54 1 210
16 53 54 1 210
17 6 47 3 210
17 6 48 2 210
17 6 49 1 210
17 9 47 1 210
17 9 48 2 210
17 9 49 3 210
17 12 47 3 210
17 12 48 2 210
17 12 49 1 210
17 17 47 1 210
17 17 48 2 210
17 17 49 3 210
18 0 51 1 210
18 0 52 1 210
18 0 53 1 210
18 3 51 1 210
18 3 52 1 210
18 3 53 1 210
18 5 5 4 210
18 5 10 2 210
18 5 11 2 210
18 5 18 1 210
18 8 51 1 210
18 8 52 1 210
18 8 53 1 210
18 10 10 4 210
18 10 11 1 210
18 10 18 2 210
18 11 11 4 210
18 11 18 2 210
18 13 54 3 210
18 15 43 2 210
18 15 44 1 210
18 18 18 4 210
18 20 54 3 210
18 23 43 2 210
18 23 44 1 210
18 26 54 3 210
18 28 43 2 210
18 28 44 1 210
18 29 43 1 210
18 29 44 2 210
18 31 55 1 210
18 31 56 1 210
18 31 57 1 210
18 34 43 1 210
18 34 44 2 210
18 37 55 1 210
18 37 56 1 210
18 37 57 1 210
18 40 43 1 210
18 40 44 2 210
18 42 55 1 210
18 42 56 1 210
18 42 57 1 210
18 45 58 3 210
19 4 51 1 210
19 4 52 1 210
19 4 53 1 210
19 5 5 4 210
19 5 11 2 210
19 6 10 2 210
19 6 18 1 210
19 7 51 1 210
19 7 52 1 210
19 7 53 1 210
19 9 10 2 210
19 9 18 1 210
19 10 12 1 210
19 10 17 1 210
19 11 11 4 210
19 12 18 2 210
19 14 54 3 210
19 16 43 2 210
19 16 44 1 210
19 17 18 2 210
19 19 54 3 210
19 22 43 2 210
19 22 44 1 210
19 30 43 1 210
19 30 44 2 210
19 32 55 1 210
19 32 56 1 210
19 32 57 1 210
19 33 43 1 210
19 33 44 2 210
19 36 55 1 210
19 36 56 1 210
19 36 57 1 210
19 46 51 1 210
19 46 52 1 210
19 46 53 1 210
20 1 51 1 210
20 1 52 1 210
20 1 53 1 210
20 2 51 1 210
20 2 52 1 210
20 2 53 1 210
20 5 6 2 210
20 5 9 2 210
20 5 12 1 210
20 5 17 1 210
20 6 11 1 210
20 9 11 1 210
20 10 10 4 210
20 10 18 2 210
20 11 12 2 210
20 11 17 2 210
20 18 18 4 210
20 21 54 3 210
20 24 43 2 210
20 24 44 1 210
20 25 54 3 210
20 27 43 2 210
20 27 44 1 210
20 35 43 1 210
20 35 44 2 210
20 38 55 1 210
20 38 56 1 210
20 38 57 1 210
20 39 43 1 210
20 39 44 2 210
20 41 55 1 210
20 41 56 1 210
20 41 57 1 210
20 50 51 1 210
20 50 52 1 210
20 50 53 1 210
21 6 6 4 210
21 6 9 2 210
21 6 12 2 210
21 6 17 1 210
21 9 9 4 210
21 9 12 1 210
21 9 17 2 210
21 12 12 4 210
21 12 17 2 210
21 17 17 4 210
21 47 51 1 210
21 47 52 1 210
21 47 53 1 210
21 48 51 1 210
21 48 52 1 210
21 48 53 1 210
21 49 51 1 210
21 49 52 1 210
21 49 53 1 210
22 5 51 3 210
22 5 52 2 210
22 5 53 1 210
22 10 51 3 210
22 10 52 2 210
22 10 53 1 210
22 11 51 1 210
22 11 52 2 210
22 11 53 3 210
22 18 51 1 210
22 18 52 2 210
22 18 53 3 210
22 43 55 3 210
22 43 56 2 210
22 43 57 1 210
22 44 55 1 210
22 44 56 2 210
22 44 57 3 210
22 54 54 6 210
23 6 51 3 210
23 6 52 2 210
23 6 53 1 210
23 9 51 3 210
23 9 52 2 210
23 9 53 1 210
23 12 51 1 210
23 12 52 2 210
23 12 53 3 210
23 17 51 1 210
23 17 52 2 210
23 17 53 3 210
24 51 51 6 210
24 51 52 3 210
24 51 53 1 210
24 52 52 4 210
24 52 53 3 210
24 53 53 6 210
26 0 15 2 210
26 0 29 2 210
26 3 15 2 210
26 3 29 2 210
26 4 23 2 210
26 4 28 1 210
26 4 34 2 210
26 4 40 1 210
26 4 58 1 210
26 7 23 2 210
26 7 28 1 210
26 7 34 2 210
26 7 40 1 210
26 7 58 1 210
26 8 16 1 210
26 8 22 1 210
26 8 30 1 210
26 8 33 1 210
26 13 15 2 210
26 13 29 2 210
26 14 23 1 210
26 14 28 2 210
26 14 34 1 210
26 14 40 2 210
26 14 58 1 210
26 15 46 1 210
26 16 20 1 210
26 16 26 1 210
26 19 23 1 210
26 19 28 2 210
26 19 34 1 210
26 19 40 2 210
26 19 58 1 210
26 20 22 1 210
26 20 30 1 210
26 20 33 1 210
26 22 26 1 210
26 23 46 1 210
26 26 30 1 210
26 26 33 1 210
26 28 46 1 210
26 29 46 1 210
26 31 31 4 210
26 32 37 2 210
26 32 42 2 210
26 32 45 2 210
26 32 58 1 210
26 34 46 1 210
26 36 37 2 210
26 36 42 2 210
26 36 45 2 210
26 36 58 1 210
26 40 46 1 210
26 46 58 1 210
27 0 15 2 210
27 0 29 2 210
27 1 23 1 210
27 1 28 1 210
27 1 34 1 210
27 1 40 1 210
27 1 58 1 210
27 2 23 1 210
27 2 28 1 210
27 2 34 1 210
27 2 40 1 210
27 2 58 1 210
27 3 16 1 210
27 3 22 1 210
27 3 30 1 210
27 3 33 1 210
27 4 15 1 210
27 4 29 1 210
27 7 15 1 210
27 7 29 1 210
27 8 23 2 210
27 8 34 2 210
27 13 16 1 210
27 13 22 1 210
27 13 30 1 210
27 13 33 1 210
27 14 15 1 210
27 14 29 1 210
27 15 19 1 210
27 15 46 1 210
27 19 29 1 210
27 20 23 2 210
27 20 34 2 210
27 21 28 2 210
27 21 40 2 210
27 21 58 1 210
27 23 50 1 210
27 24 26 1 210
27 25 28 2 210
27 25 40 2 210
27 25 58 1 210
27 26 27 1 210
27 26 35 1 210
27 26 39 1 210
27 28 50 1 210
27 29 46 1 210
27 31 32 2 210
27 31 36 2 210
27 34 50 1 210
27 37 37 4 210
27 38 42 2 210
27 38 45 2 210
27 38 58 1 210
27 40 50 1 210
27 41 42 2 210
27 41 45 2 210
27 41 58 1 210
27 50 58 1 210
28 4 16 2 210
28 4 22 1 210
28 4 30 2 210
28 4 33 1 210
28 7 16 1 210
28 7 22 2 210
28 7 30 1 210
28 7 33 2 210
28 14 16 2 210
28 14 22 1 210
28 14 30 2 210
28 14 33 1 210
28 15 46 3 210
28 16 19 1 210
28 19 22 2 210
28 19 30 1 210
28 19 33 2 210
28 23 47 1 210
28 23 48 1 210
28 23 49 1 210
28 28 47 1 210
28 28 48 1 210
28 28 49 1 210
28 29 46 3 210
28 32 32 4 210
28 32 36 2 210
28 34 47 1 210
28 34 48 1 210
28 34 49 1 210
28 36 36 4 210
28 40 47 1 210
28 40 48 1 210
28 40 49 1 210
28 47 58 1 210
28 48 58 1 210
28 49 58 1 210
29 0 16 1 210
29 0 22 1 210
29 0 30 1 210
29 0 33 1 210
29 1 15 2 210
29 1 29 2 210
29 2 15 2 210
29 2 29 2 210
29 3 23 2 210
29 3 34 2 210
29 5 28 1 210
29 5 40 1 210
29 5 58 1 210
29 8 23 2 210
29 8 34 2 210
29 10 28 1 210
29 10 40 1 210
29 10 58 1 210
29 11 28 1 210
29 11 40 1 210
29 11 58 1 210
29 13 24 1 210
29 13 27 1 210
29 13 35 1 210
29 13 39 1 210
29 15 21 1 210
29 15 25 1 210
29 15 50 1 210
29 18 28 1 210
29 18 40 1 210
29 18 58 1 210
29 20 24 1 210
29 20 27 1 210
29 20 35 1 210
29 20 39 1 210
29 21 23 1 210
29 21 29 1 210
29 21 34 1 210
29 23 25 1 210
29 23 50 1 210
29 25 29 1 210
29 25 34 1 210
29 26 28 2 210
29 26 40 2 210
29 28 54 1 210
29 29 50 1 210
29 31 38 2 210
29 31 41 2 210
29 34 50 1 210
29 37 38 2 210
29 37 41 2 210
29 40 54 1 210
29 42 42 4 210
29 43 45 2 210
29 43 58 1 210
29 44 45 2 210
29 44 58 1 210
29 54 58 1 210
30 1 15 2 210
30 1 29 2 210
30 2 15 2 210
30 2 29 2 210
30 4 23 2 210
30 4 34 2 210
30 6 28 1 210
30 6 40 1 210
30 6 58 1 210
30 7 23 2 210
30 7 34 2 210
30 9 28 1 210
30 9 40 1 210
30 9 58 1 210
30 12 28 1 210
30 12 40 1 210
30 12 58 1 210
30 14 24 1 210
30 14 27 1 210
30 14 35 1 210
30 14 39 1 210
30 16 21 1 210
30 16 25 1 210
30 16 46 1 210
30 16 50 1 210
30 17 28 1 210
30 17 40 1 210
30 17 58 1 210
30 19 24 1 210
30 19 27 1 210
30 19 35 1 210
30 19 39 1 210
30 21 22 1 210
30 21 30 1 210
30 21 33 1 210
30 22 25 1 210
30 22 46 1 210
30 22 50 1 210
30 25 30 1 210
30 25 33 1 210
30 30 46 1 210
30 30 50 1 210
30 32 38 2 210
30 32 41 2 210
30 33 46 1 210
30 33 50 1 210
30 36 38 2 210
30 36 41 2 210
31 1 16 2 210
31 1 22 1 210
31 1 30 2 210
31 1 33 1 210
31 2 16 1 210
31 2 22 2 210
31 2 30 1 210
31 2 33 2 210
31 15 47 1 210
31 15 48 1 210
31 15 49 1 210
31 21 24 2 210
31 21 27 1 210
31 21 35 2 210
31 21 39 1 210
31 23 50 3 210
31 24 25 1 210
31 25 27 2 210
31 25 35 1 210
31 25 39 2 210
31 28 51 1 210
31 28 52 1 210
31 28 53 1 210
31 29 47 1 210
31 29 48 1 210
31 29 49 1 210
31 34 50 3 210
31 38 38 4 210
31 38 41 2 210
31 40 51 1 210
31 40 52 1 210
31 40 53 1 210
31 41 41 4 210
31 51 58 1 210
31 52 58 1 210
31 53 58 1 210
32 16 47 3 210
32 16 48 2 210
32 16 49 1 210
32 22 47 1 210
32 22 48 2 210
32 22 49 3 210
32 30 47 3 210
32 30 48 2 210
32 30 49 1 210
32 33 47 1 210
32 33 48 2 210
32 33 49 3 210
33 0 24 1 210
33 0 27 1 210
33 0 35 1 210
33 0 39 1 210
33 3 24 1 210
33 3 27 1 210
33 3 35 1 210
33 3 39 1 210
33 5 15 2 210
33 5 23 1 210
33 5 29 2 210
33 5 34 1 210
33 8 24 1 210
33 8 27 1 210
33 8 35 1 210
33 8 39 1 210
33 10 15 1 210
33 10 23 2 210
33 10 29 1 210
33 10 34 2 210
33 11 15 2 210
33 11 23 1 210
33 11 29 2 210
33 11 34 1 210
33 13 28 2 210
33 13 40 2 210
33 15 18 1 210
33 15 54 1 210
33 15 58 1 210
33 18 23 2 210
33 18 29 1 210
33 18 34 2 210
33 20 28 2 210
33 20 40 2 210
33 23 54 1 210
33 23 58 1 210
33 26 28 2 210
33 26 40 2 210
33 28 54 1 210
33 28 58 1 210
33 29 54 1 210
33 29 58 1 210
33 31 43 2 210
33 31 44 2 210
33 34 54 1 210
33 34 58 1 210
33 37 43 2 210
33 37 44 2 210
33 40 54 1 210
33 40 58 1 210
33 42 43 2 210
33 42 44 2 210
33 45 45 4 210
33 58 58 2 210
34 4 24 1 210
34 4 27 1 210
34 4 35 1 210
34 4 39 1 210
34 5 15 2 210
34 5 29 2 210
34 6 23 1 210
34 6 34 1 210
34 7 24 1 210
34 7 27 1 210
34 7 35 1 210
34 7 39 1 210
34 9 23 1 210
34 9 34 1 210
34 10 16 1 210
34 10 22 1 210
34 10 30 1 210
34 10 33 1 210
34 11 15 2 210
34 11 29 2 210
34 12 23 1 210
34 12 34 1 210
34 14 28 2 210
34 14 40 2 210
34 16 18 1 210
34 16 54 1 210
34 16 58 1 210
34 17 23 1 210
34 17 34 1 210
34 18 22 1 210
34 18 30 1 210
34 18 33 1 210
34 19 28 2 210
34 19 40 2 210
34 22 54 1 210
34 22 58 1 210
34 24 46 1 210
34 27 46 1 210
34 30 54 1 210
34 30 58 1 210
34 32 43 2 210
34 32 44 2 210
34 33 54 1 210
34 33 58 1 210
34 35 46 1 210
34 36 43 2 210
34 36 44 2 210
34 39 46 1 210
35 1 24 1 210
35 1 27 1 210
35 1 35 1 210
35 1 39 1 210
35 2 24 1 210
35 2 27 1 210
35 2 35 1 210
35 2 39 1 210
35 5 16 1 210
35 5 22 1 210
35 5 30 1 210
35 5 33 1 210
35 6 15 1 210
35 6 29 1 210
35 9 15 1 210
35 9 29 1 210
35 10 23 2 210
35 10 34 2 210
35 11 16 1 210
35 11 22 1 210
35 11 30 1 210
35 11 33 1 210
35 12 15 1 210
35 12 29 1 210
35 15 17 1 210
35 17 29 1 210
35 18 23 2 210
35 18 34 2 210
35 21 28 2 210
35 21 40 2 210
35 24 50 1 210
35 24 54 1 210
35 24 58 1 210
35 25 28 2 210
35 25 40 2 210
35 27 50 1 210
35 27 54 1 210
35 27 58 1 210
35 35 50 1 210
35 35 54 1 210
35 35 58 1 210
35 38 43 2 210
35 38 44 2 210
35 39 50 1 210
35 39 54 1 210
35 39 58 1 210
35 41 43 2 210
35 41 44 2 210
36 6 16 2 210
36 6 22 1 210
36 6 30 2 210
36 6 33 1 210
36 9 16 1 210
36 9 22 2 210
36 9 30 1 210
36 9 33 2 210
36 12 16 2 210
36 12 22 1 210
36 12 30 2 210
36 12 33 1 210
36 16 17 1 210
36 17 22 2 210
36 17 30 1 210
36 17 33 2 210
36 24 47 1 210
36 24 48 1 210
36 24 49 1 210
36 27 47 1 210
36 27 48 1 210
36 27 49 1 210
36 35 47 1 210
36 35 48 1 210
36 35 49 1 210
36 39 47 1 210
36 39 48 1 210
36 39 49 1 210
37 5 24 2 210
37 5 27 1 210
37 5 35 2 210
37 5 39 1 210
37 10 24 2 210
37 10 27 1 210
37 10 35 2 210
37 10 39 1 210
37 11 24 1 210
37 11 27 2 210
37 11 35 1 210
37 11 39 2 210
37 15 51 1 210
37 15 52 1 210
37 15 53 1 210
37 18 24 1 210
37 18 27 2 210
37 18 35 1 210
37 18 39 2 210
37 23 51 1 210
37 23 52 1 210
37 23 53 1 210
37 28 54 3 210
37 29 51 1 210
37 29 52 1 210
37 29 53 1 210
37 34 51 1 210
37 34 52 1 210
37 34 53 1 210
37 40 54 3 210
37 43 43 4 210
37 43 44 2 210
37 44 44 4 210
37 55 58 1 210
37 56 58 1 210
37 57 58 1 210
38 6 24 2 210
38 6 27 1 210
38 6 35 2 210
38 6 39 1 210
38 9 24 2 210
38 9 27 1 210
38 9 35 2 210
38 9 39 1 210
38 12 24 1 210
38 12 27 2 210
38 12 35 1 210
38 12 39 2 210
38 16 51 1 210
38 16 52 1 210
38 16 53 1 210
38 17 24 1 210
38 17 27 2 210
38 17 35 1 210
38 17 39 2 210
38 22 51 1 210
38 22 52 1 210
38 22 53 1 210
38 30 51 1 210
38 30 52 1 210
38 30 53 1 210
38 33 51 1 210
38 33 52 1 210
38 33 53 1 210
39 24 51 3 210
39 24 52 2 210
39 24 53 1 210
39 27 51 1 210
39 27 52 2 210
39 27 53 3 210
39 35 51 3 210
39 35 52 2 210
39 35 53 1 210
39 39 51 1 210
39 39 52 2 210
39 39 53 3 210
41 0 55 1 210
41 0 56 1 210
41 0 57 1 210
41 3 55 1 210
41 3 56 1 210
41 3 57 1 210
41 8 55 1 210
41 8 56 1 210
41 8 57 1 210
41 13 55 1 210
41 13 56 1 210
41 13 57 1 210
41 15 15 4 210
41 15 23 2 210
41 15 28 2 210
41 15 29 2 210
41 15 34 1 210
41 15 40 1 210
41 20 55 1 210
41 20 56 1 210
41 20 57 1 210
41 23 23 4 210
41 23 28 2 210
41 23 29 1 210
41 23 34 2 210
41 23 40 1 210
41 26 55 1 210
41 26 56 1 210
41 26 57 1 210
41 28 28 4 210
41 28 29 1 210
41 28 34 1 210
41 28 40 2 210
41 29 29 4 210
41 29 34 2 210
41 29 40 2 210
41 31 58 3 210
41 34 34 4 210
41 34 40 2 210
41 37 58 3 210
41 40 40 4 210
41 42 58 3 210
41 45 58 3 210
42 4 55 1 210
42 4 56 1 210
42 4 57 1 210
42 7 55 1 210
42 7 56 1 210
42 7 57 1 210
42 14 55 1 210
42 14 56 1 210
42 14 57 1 210
42 15 15 4 210
42 15 29 2 210
42 16 23 2 210
42 16 28 2 210
42 16 34 1 210
42 16 40 1 210
42 19 55 1 210
42 19 56 1 210
42 19 57 1 210
42 22 23 2 210
42 22 28 2 210
42 22 34 1 210
42 22 40 1 210
42 23 30 1 210
42 23 33 1 210
42 28 30 1 210
42 28 33 1 210
42 29 29 4 210
42 30 34 2 210
42 30 40 2 210
42 32 58 3 210
42 33 34 2 210
42 33 40 2 210
42 36 58 3 210
42 46 55 1 210
42 46 56 1 210
42 46 57 1 210
43 1 55 1 210
43 1 56 1 210
43 1 57 1 210
43 2 55 1 210
43 2 56 1 210
43 2 57 1 210
43 15 16 2 210
43 15 22 2 210
43 15 30 1 210
43 15 33 1 210
43 16 29 1 210
43 21 55 1 210
43 21 56 1 210
43 21 57 1 210
43 22 29 1 210
43 23 23 4 210
43 23 34 2 210
43 24 28 2 210
43 24 40 1 210
43 25 55 1 210
43 25 56 1 210
43 25 57 1 210
43 27 28 2 210
43 27 40 1 210
43 28 35 1 210
43 28 39 1 210
43 29 30 2 210
43 29 33 2 210
43 34 34 4 210
43 35 40 2 210
43 38 58 3 210
43 39 40 2 210
43 41 58 3 210
43 50 55 1 210
43 50 56 1 210
43 50 57 1 210
44 16 16 4 210
44 16 22 2 210
44 16 30 2 210
44 16 33 1 210
44 22 22 4 210
44 22 30 1 210
44 22 33 2 210
44 30 30 4 210
44 30 33 2 210
44 33 33 4 210
44 47 55 1 210
44 47 56 1 210
44 47 57 1 210
44 48 55 1 210
44 48 56 1 210
44 48 57 1 210
44 49 55 1 210
44 49 56 1 210
44 49 57 1 210
45 5 55 1 210
45 5 56 1 210
45 5 57 1 210
45 10 55 1 210
45 10 56 1 210
45 10 57 1 210
45 11 55 1 210
45 11 56 1 210
45 11 57 1 210
45 15 24 2 210
45 15 27 2 210
45 15 35 1 210
45 15 39 1 210
45 18 55 1 210
45 18 56 1 210
45 18 57 1 210
45 23 24 2 210
45 23 27 2 210
45 23 35 1 210
45 23 39 1 210
45 24 29 1 210
45 24 34 1 210
45 27 29 1 210
45 27 34 1 210
45 28 28 4 210
45 28 40 2 210
45 29 35 2 210
45 29 39 2 210
45 34 35 2 210
45 34 39 2 210
45 40 40 4 210
45 43 58 3 210
45 44 58 3 210
45 54 55 1 210
45 54 56 1 210
45 54 57 1 210
46 6 55 1 210
46 6 56 1 210
46 6 57 1 210
46 9 55 1 210
46 9 56 1 210
46 9 57 1 210
46 12 55 1 210
46 12 56 1 210
46 12 57 1 210
46 16 24 2 210
46 16 27 2 210
46 16 35 1 210
46 16 39 1 210
46 17 55 1 210
46 17 56 1 210
46 17 57 1 210
46 22 24 2 210
46 22 27 2 210
46 22 35 1 210
46 22 39 1 210
46 24 30 1 210
46 24 33 1 210
46 27 30 1 210
46 27 33 1 210
46 30 35 2 210
46 30 39 2 210
46 33 35 2 210
46 33 39 2 210
47 24 24 4 210
47 24 27 2 210
47 24 35 2 210
47 24 39 1 210
47 27 27 4 210
47 27 35 1 210
47 27 39 2 210
47 35 35 4 210
47 35 39 2 210
47 39 39 4 210
47 51 55 1 210
47 51 56 1 210
47 51 57 1 210
47 52 55 1 210
47 52 56 1 210
47 52 57 1 210
47 53 55 1 210
47 53 56 1 210
47 53 57 1 210
49 15 55 3 210
49 15 56 2 210
49 15 57 1 210
49 23 55 3 210
49 23 56 2 210
49 23 57 1 210
49 28 55 3 210
49 28 56 2 210
49 28 57 1 210
49 29 55 1 210
49 29 56 2 210
49 29 57 3 210
49 34 55 1 210
49 34 56 2 210
49 34 57 3 210
49 40 55 1 210
49 40 56 2 210
49 40 57 3 210
49 58 58 6 210
50 16 55 3 210
50 16 56 2 210
50 16 57 1 210
50 22 55 3 210
50 22 56 2 210
50 22 57 1 210
50 30 55 1 210
50 30 56 2 210
50 30 57 3 210
50 33 55 1 210
50 33 56 2 210
50 33 57 3 210
51 24 55 3 210
51 24 56 2 210
51 24 57 1 210
51 27 55 3 210
51 27 56 2 210
51 27 57 1 210
51 35 55 1 210
51 35 56 2 210
51 35 57 3 210
51 39 55 1 210
51 39 56 2 210
51 39 57 3 210
53 55 55 6 210
53 55 56 3 210
53 55 57 1 210
53 56 56 4 210
53 56 57 3 210
53 57 57 6 210
2
0 5 11 3 210
0 5 23 2 210
0 5 26 1 210
0 8 11 3 210
0 8 23 2 210
0 8 26 1 210
0 10 11 3 210
0 10 23 2 210
0 10 26 1 210
0 11 17 1 210
0 11 19 1 210
0 11 22 1 210
0 17 23 2 210
0 17 26 3 210
0 19 23 2 210
0 19 26 3 210
0 22 23 2 210
0 22 26 3 210
1 4 4 4 210
1 4 16 2 210
1 11 11 4 210
1 11 23 2 210
1 11 27 1 210
1 11 34 1 210
1 16 16 4 210
1 23 23 4 210
1 23 27 1 210
1 23 34 1 210
1 24 26 3 210
1 25 26 3 210
1 26 27 1 210
1 26 34 1 210
2 1 11 1 210
2 1 23 1 210
2 1 26 1 210
2 2 11 1 210
2 2 23 1 210
2 2 26 1 210
2 3 11 1 210
2 3 23 1 210
2 3 26 1 210
2 4 5 2 210
2 4 8 2 210
2 4 10 2 210
2 4 17 1 210
2 4 19 1 210
2 4 22 1 210
2 5 16 1 210
2 8 16 1 210
2 10 16 1 210
2 16 17 2 210
2 16 19 2 210
2 16 22 2 210
3 5 5 4 210
3 5 8 2 210
3 5 10 2 210
3 5 17 2 210
3 5 19 1 210
3 5 22 1 210
3 8 8 4 210
3 8 10 2 210
3 8 17 1 210
3 8 19 2 210
3 8 22 1 210
3 10 10 4 210
3 10 17 1 210
3 10 19 1 210
3 10 22 2 210
3 11 28 1 210
3 11 29 1 210
3 11 30 1 210
3 11 31 1 210
3 11 32 1 210
3 11 33 1 210
3 17 17 4 210
3 17 19 2 210
3 17 22 2 210
3 19 19 4 210
3 19 22 2 210
3 22 22 4 210
3 23 28 1 210
3 23 29 1 210
3 23 30 1 210
3 23 31 1 210
3 23 32 1 210
3 23 33 1 210
3 26 28 1 210
3 26 29 1 210
3 26 30 1 210
3 26 31 1 210
3 26 32 1 210
3 26 33 1 210
4 0 4 2 210
4 0 16 2 210
4 4 27 1 210
4 11 11 4 210
4 11 23 2 210
4 11 34 1 210
4 13 26 1 210
4 16 27 1 210
4 21 26 1 210
4 23 24 2 210
4 23 25 2 210
4 23 34 1 210
4 26 26 4 210
4 26 38 1 210
5 0 4 2 210
5 0 16 2 210
5 4 11 2 210
5 4 23 2 210
5 4 27 1 210
5 4 34 1 210
5 6 26 1 210
5 14 26 1 210
5 16 24 2 210
5 16 25 2 210
5 16 27 1 210
5 16 34 1 210
6 4 27 3 210
6 5 11 2 210
6 5 23 2 210
6 5 34 1 210
6 7 26 1 210
6 8 11 2 210
6 8 23 2 210
6 8 34 1 210
6 9 26 1 210
6 10 11 2 210
6 10 23 2 210
6 10 34 1 210
6 12 26 1 210
6 15 26 1 210
6 16 27 3 210
6 17 24 2 210
6 17 25 2 210
6 17 34 1 210
6 18 26 1 210
6 19 24 2 210
6 19 25 2 210
6 19 34 1 210
6 20 26 1 210
6 22 24 2 210
6 22 25 2 210
6 22 34 1 210
7 0 5 1 210
7 0 8 1 210
7 0 10 1 210
7 0 17 1 210
7 0 19 1 210
7 0 22 1 210
7 1 4 2 210
7 1 16 2 210
7 2 4 2 210
7 2 16 2 210
7 3 4 2 210
7 3 16 2 210
8 1 4 2 210
8 1 16 2 210
8 2 4 2 210
8 2 16 2 210
8 3 4 2 210
8 3 16 2 210
8 5 27 1 210
8 8 27 1 210
8 10 27 1 210
8 11 34 3 210
8 17 27 1 210
8 19 27 1 210
8 22 27 1 210
8 23 34 3 210
8 24 24 4 210
8 24 25 2 210
8 25 25 4 210
8 26 35 1 210
8 26 36 1 210
8 26 37 1 210
9 1 5 2 210
9 1 8 1 210
9 1 10 1 210
9 1 17 2 210
9 1 19 1 210
9 1 22 1 210
9 2 5 1 210
9 2 8 2 210
9 2 10 1 210
9 2 17 1 210
9 2 19 2 210
9 2 22 1 210
9 3 5 1 210
9 3 8 1 210
9 3 10 2 210
9 3 17 1 210
9 3 19 1 210
9 3 22 2 210
9 4 28 1 210
9 4 29 1 210
9 4 30 1 210
9 4 31 1 210
9 4 32 1 210
9 4 33 1 210
9 16 28 1 210
9 16 29 1 210
9 16 30 1 210
9 16 31 1 210
9 16 32 1 210
9 16 33 1 210
10 5 28 3 210
10 5 29 2 210
10 5 30 1 210
10 5 31 2 210
10 5 32 1 210
10 5 33 1 210
10 8 28 1 210
10 8 29 2 210
10 8 30 3 210
10 8 31 1 210
10 8 32 2 210
10 8 33 1 210
10 10 28 1 210
10 10 29 1 210
10 10 30 1 210
10 10 31 2 210
10 10 32 2 210
10 10 33 3 210
10 17 28 3 210
10 17 29 2 210
10 17 30 1 210
10 17 31 2 210
10 17 32 1 210
10 17 33 1 210
10 19 28 1 210
10 19 29 2 210
10 19 30 3 210
10 19 31 1 210
10 19 32 2 210
10 19 33 1 210
10 22 28 1 210
10 22 29 1 210
10 22 30 1 210
10 22 31 2 210
10 22 32 2 210
10 22 33 3 210
11 0 0 4 210
11 0 27 1 210
11 11 11 4 210
11 11 24 1 210
11 11 25 1 210
11 11 34 1 210
11 13 23 2 210
11 21 23 2 210
11 23 26 2 210
11 23 38 1 210
11 26 26 4 210
11 26 38 1 210
12 0 0 4 210
12 0 27 1 210
12 4 11 2 210
12 4 24 1 210
12 4 25 1 210
12 4 34 1 210
12 6 23 1 210
12 13 16 1 210
12 14 23 1 210
12 16 21 1 210
12 16 26 2 210
12 16 38 1 210
13 0 27 3 210
13 5 11 2 210
13 5 24 1 210
13 5 25 1 210
13 5 34 1 210
13 7 23 1 210
13 8 11 2 210
13 8 24 1 210
13 8 25 1 210
13 8 34 1 210
13 9 23 1 210
13 10 11 2 210
13 10 24 1 210
13 10 25 1 210
13 10 34 1 210
13 12 23 1 210
13 13 17 1 210
13 13 19 1 210
13 13 22 1 210
13 15 23 1 210
13 17 21 1 210
13 17 26 2 210
13 17 38 1 210
13 18 23 1 210
13 19 21 1 210
13 19 26 2 210
13 19 38 1 210
13 20 23 1 210
13 21 22 1 210
13 22 26 2 210
13 22 38 1 210
14 0 0 4 210
14 0 24 1 210
14 0 25 1 210
14 0 27 1 210
14 0 34 1 210
14 4 4 4 210
14 6 16 2 210
14 14 16 2 210
15 0 0 4 210
15 4 4 4 210
15 6 16 2 210
15 11 11 4 210
15 13 23 2 210
15 14 16 2 210
15 21 23 2 210
15 24 26 2 210
15 24 27 1 210
15 24 34 1 210
15 24 38 1 210
15 25 26 2 210
15 25 27 1 210
15 25 34 1 210
15 25 38 1 210
15 27 27 2 210
15 27 34 1 210
15 34 34 2 210
16 0 27 3 210
16 1 24 1 210
16 1 25 1 210
16 1 34 1 210
16 2 24 1 210
16 2 25 1 210
16 2 34 1 210
16 3 24 1 210
16 3 25 1 210
16 3 34 1 210
16 4 5 2 210
16 4 8 2 210
16 4 10 2 210
16 6 17 1 210
16 6 19 1 210
16 6 22 1 210
16 7 16 1 210
16 9 16 1 210
16 12 16 1 210
16 14 17 1 210
16 14 19 1 210
16 14 22 1 210
16 15 16 1 210
16 16 18 1 210
16 16 20 1 210
17 5 5 4 210
17 5 8 2 210
17 5 10 2 210
17 7 17 2 210
17 7 19 1 210
17 7 22 1 210
17 8 8 4 210
17 8 10 2 210
17 9 17 1 210
17 9 19 2 210
17 9 22 1 210
17 10 10 4 210
17 12 17 1 210
17 12 19 1 210
17 12 22 2 210
17 15 17 2 210
17 15 19 1 210
17 15 22 1 210
17 17 18 1 210
17 17 20 1 210
17 18 19 2 210
17 18 22 1 210
17 19 20 1 210
17 20 22 2 210
17 24 28 1 210
17 24 29 1 210
17 24 30 1 210
17 24 31 1 210
17 24 32 1 210
17 24 33 1 210
17 25 28 1 210
17 25 29 1 210
17 25 30 1 210
17 25 31 1 210
17 25 32 1 210
17 25 33 1 210
17 27 27 6 210
17 28 34 1 210
17 29 34 1 210
17 30 34 1 210
17 31 34 1 210
17 32 34 1 210
17 33 34 1 210
18 0 1 3 210
18 0 2 3 210
18 0 3 3 210
19 0 1 2 210
19 0 2 2 210
19 0 3 2 210
19 1 27 1 210
19 2 27 1 210
19 3 27 1 210
19 11 34 3 210
19 13 24 2 210
19 13 25 1 210
19 21 24 1 210
19 21 25 2 210
19 23 35 1 210
19 23 36 1 210
19 23 37 1 210
19 26 38 3 210
20 0 1 2 210
20 0 2 2 210
20 0 3 2 210
20 1 27 1 210
20 2 27 1 210
20 3 27 1 210
20 4 34 3 210
20 6 24 2 210
20 6 25 1 210
20 14 24 1 210
20 14 25 2 210
20 16 35 1 210
20 16 36 1 210
20 16 37 1 210
21 1 27 3 210
21 2 27 3 210
21 3 27 3 210
21 5 34 3 210
21 7 24 2 210
21 7 25 1 210
21 8 34 3 210
21 9 24 2 210
21 9 25 1 210
21 10 34 3 210
21 12 24 2 210
21 12 25 1 210
21 15 24 1 210
21 15 25 2 210
21 17 35 1 210
21 17 36 1 210
21 17 37 1 210
21 18 24 1 210
21 18 25 2 210
21 19 35 1 210
21 19 36 1 210
21 19 37 1 210
21 20 24 1 210
21 20 25 2 210
21 22 35 1 210
21 22 36 1 210
21 22 37 1 210
22 0 28 1 210
22 0 29 1 210
22 0 30 1 210
22 0 31 1 210
22 0 32 1 210
22 0 33 1 210
22 1 1 4 210
22 1 2 2 210
22 1 3 2 210
22 2 2 4 210
22 2 3 2 210
22 3 3 4 210
23 1 1 4 210
23 1 2 2 210
23 1 3 2 210
23 2 2 4 210
23 2 3 2 210
23 3 3 4 210
23 24 35 3 210
23 24 36 2 210
23 24 37 1 210
23 25 35 1 210
23 25 36 2 210
23 25 37 3 210
23 27 28 1 210
23 27 29 1 210
23 27 30 1 210
23 27 31 1 210
23 27 32 1 210
23 27 33 1 210
23 34 34 6 210
24 1 28 3 210
24 1 29 2 210
24 1 30 1 210
24 1 31 2 210
24 1 32 1 210
24 1 33 1 210
24 2 28 1 210
24 2 29 2 210
24 2 30 3 210
24 2 31 1 210
24 2 32 2 210
24 2 33 1 210
24 3 28 1 210
24 3 29 1 210
24 3 30 1 210
24 3 31 2 210
24 3 32 2 210
24 3 33 3 210
25 28 28 6 210
25 28 29 3 210
25 28 30 1 210
25 28 31 3 210
25 28 32 1 210
25 28 33 1 210
25 29 29 4 210
25 29 30 3 210
25 29 31 2 210
25 29 32 2 210
25 29 33 1 210
25 30 30 6 210
25 30 31 1 210
25 30 32 3 210
25 30 33 1 210
25 31 31 4 210
25 31 32 2 210
25 31 33 3 210
25 32 32 4 210
25 32 33 3 210
25 33 33 6 210
26 11 13 3 210
26 11 21 3 210
26 11 38 1 210
26 23 23 4 210
26 23 26 2 210
26 23 38 1 210
26 26 26 4 210
26 26 38 1 210
27 4 13 2 210
27 4 21 2 210
27 4 38 1 210
27 6 11 1 210
27 11 14 1 210
27 16 23 2 210
27 16 26 2 210
27 16 38 1 210
28 5 13 2 210
28 5 21 2 210
28 5 38 1 210
28 7 11 1 210
28 8 13 2 210
28 8 21 2 210
28 8 38 1 210
28 9 11 1 210
28 10 13 2 210
28 10 21 2 210
28 10 38 1 210
28 11 12 1 210
28 11 15 1 210
28 11 18 1 210
28 11 20 1 210
28 17 23 2 210
28 17 26 2 210
28 17 38 1 210
28 19 23 2 210
28 19 26 2 210
28 19 38 1 210
28 22 23 2 210
28 22 26 2 210
28 22 38 1 210
29 0 13 1 210
29 0 21 1 210
29 0 38 1 210
29 4 6 2 210
29 4 14 2 210
29 16 16 4 210
30 4 6 2 210
30 4 14 2 210
30 11 13 2 210
30 11 21 2 210
30 13 27 1 210
30 13 34 1 210
30 16 16 4 210
30 21 27 1 210
30 21 34 1 210
30 23 23 4 210
30 24 26 2 210
30 24 38 1 210
30 25 26 2 210
30 25 38 1 210
30 27 38 1 210
30 34 38 1 210
31 1 13 1 210
31 1 21 1 210
31 1 38 1 210
31 2 13 1 210
31 2 21 1 210
31 2 38 1 210
31 3 13 1 210
31 3 21 1 210
31 3 38 1 210
31 4 7 1 210
31 4 9 1 210
31 4 12 1 210
31 4 15 1 210
31 4 18 1 210
31 4 20 1 210
31 5 6 1 210
31 5 14 1 210
31 6 8 1 210
31 6 10 1 210
31 8 14 1 210
31 10 14 1 210
31 16 17 2 210
31 16 19 2 210
31 16 22 2 210
32 5 7 2 210
32 5 9 1 210
32 5 12 1 210
32 5 15 2 210
32 5 18 1 210
32 5 20 1 210
32 7 8 1 210
32 7 10 1 210
32 8 9 2 210
32 8 12 1 210
32 8 15 1 210
32 8 18 2 210
32 8 20 1 210
32 9 10 1 210
32 10 12 2 210
32 10 15 1 210
32 10 18 1 210
32 10 20 2 210
32 13 28 1 210
32 13 29 1 210
32 13 30 1 210
32 13 31 1 210
32 13 32 1 210
32 13 33 1 210
32 17 17 4 210
32 17 19 2 210
32 17 22 2 210
32 19 19 4 210
32 19 22 2 210
32 21 28 1 210
32 21 29 1 210
32 21 30 1 210
32 21 31 1 210
32 21 32 1 210
32 21 33 1 210
32 22 22 4 210
32 28 38 1 210
32 29 38 1 210
32 30 38 1 210
32 31 38 1 210
32 32 38 1 210
32 33 38 1 210
33 0 6 3 210
33 0 14 3 210
34 0 6 2 210
34 0 14 2 210
34 6 27 1 210
34 11 13 2 210
34 11 21 2 210
34 13 34 1 210
34 13 38 1 210
34 14 27 1 210
34 21 34 1 210
34 21 38 1 210
34 23 24 2 210
34 23 25 2 210
34 26 26 4 210
34 38 38 2 210
35 0 6 2 210
35 0 14 2 210
35 4 13 2 210
35 4 21 2 210
35 6 27 1 210
35 6 34 1 210
35 6 38 1 210
35 14 27 1 210
35 14 34 1 210
35 14 38 1 210
35 16 24 2 210
35 16 25 2 210
36 5 13 2 210
36 5 21 2 210
36 6 27 3 210
36 7 34 1 210
36 7 38 1 210
36 8 13 2 210
36 8 21 2 210
36 9 34 1 210
36 9 38 1 210
36 10 13 2 210
36 10 21 2 210
36 12 34 1 210
36 12 38 1 210
36 14 27 3 210
36 15 34 1 210
36 15 38 1 210
36 17 24 2 210
36 17 25 2 210
36 18 34 1 210
36 18 38 1 210
36 19 24 2 210
36 19 25 2 210
36 20 34 1 210
36 20 38 1 210
36 22 24 2 210
36 22 25 2 210
37 0 7 1 210
37 0 9 1 210
37 0 12 1 210
37 0 15 1 210
37 0 18 1 210
37 0 20 1 210
37 1 6 2 210
37 1 14 2 210
37 2 6 2 210
37 2 14 2 210
37 3 6 2 210
37 3 14 2 210
38 1 6 2 210
38 1 14 2 210
38 2 6 2 210
38 2 14 2 210
38 3 6 2 210
38 3 14 2 210
38 7 27 1 210
38 9 27 1 210
38 12 27 1 210
38 13 34 3 210
38 15 27 1 210
38 18 27 1 210
38 20 27 1 210
38 21 34 3 210
38 24 24 4 210
38 24 25 2 210
38 25 25 4 210
38 35 38 1 210
38 36 38 1 210
38 37 38 1 210
39 1 7 2 210
39 1 9 1 210
39 1 12 1 210
39 1 15 2 210
39 1 18 1 210
39 1 20 1 210
39 2 7 1 210
39 2 9 2 210
39 2 12 1 210
39 2 15 1 210
39 2 18 2 210
39 2 20 1 210
39 3 7 1 210
39 3 9 1 210
39 3 12 2 210
39 3 15 1 210
39 3 18 1 210
39 3 20 2 210
39 6 28 1 210
39 6 29 1 210
39 6 30 1 210
39 6 31 1 210
39 6 32 1 210
39 6 33 1 210
39 14 28 1 210
39 14 29 1 210
39 14 30 1 210
39 14 31 1 210
39 14 32 1 210
39 14 33 1 210
40 7 28 3 210
40 7 29 2 210
40 7 30 1 210
40 7 31 2 210
40 7 32 1 210
40 7 33 1 210
40 9 28 1 210
40 9 29 2 210
40 9 30 3 210
40 9 31 1 210
40 9 32 2 210
40 9 33 1 210
40 12 28 1 210
40 12 29 1 210
40 12 30 1 210
40 12 31 2 210
40 12 32 2 210
40 12 33 3 210
40 15 28 3 210
40 15 29 2 210
40 15 30 1 210
40 15 31 2 210
40 15 32 1 210
40 15 33 1 210
40 18 28 1 210
40 18 29 2 210
40 18 30 3 210
40 18 31 1 210
40 18 32 2 210
40 18 33 1 210
40 20 28 1 210
40 20 29 1 210
40 20 30 1 210
40 20 31 2 210
40 20 32 2 210
40 20 33 3 210
42 11 35 1 210
42 11 36 1 210
42 11 37 1 210
42 13 13 4 210
42 13 21 2 210
42 21 21 4 210
42 23 38 3 210
42 26 38 3 210
43 4 35 1 210
43 4 36 1 210
43 4 37 1 210
43 6 13 2 210
43 6 21 1 210
43 13 14 1 210
43 14 21 2 210
43 16 38 3 210
44 5 35 1 210
44 5 36 1 210
44 5 37 1 210
44 7 13 2 210
44 7 21 1 210
44 8 35 1 210
44 8 36 1 210
44 8 37 1 210
44 9 13 2 210
44 9 21 1 210
44 10 35 1 210
44 10 36 1 210
44 10 37 1 210
44 12 13 2 210
44 12 21 1 210
44 13 15 1 210
44 13 18 1 210
44 13 20 1 210
44 15 21 2 210
44 17 38 3 210
44 18 21 2 210
44 19 38 3 210
44 20 21 2 210
44 22 38 3 210
45 0 35 1 210
45 0 36 1 210
45 0 37 1 210
45 6 6 4 210
45 6 14 2 210
45 14 14 4 210
46 6 6 4 210
46 6 14 2 210
46 13 13 4 210
46 13 21 2 210
46 14 14 4 210
46 21 21 4 210
46 24 38 3 210
46 25 38 3 210
46 27 35 1 210
46 27 36 1 210
46 27 37 1 210
46 34 35 1 210
46 34 36 1 210
46 34 37 1 210
47 1 35 1 210
47 1 36 1 210
47 1 37 1 210
47 2 35 1 210
47 2 36 1 210
47 2 37 1 210
47 3 35 1 210
47 3 36 1 210
47 3 37 1 210
47 6 7 2 210
47 6 9 2 210
47 6 12 2 210
47 6 15 1 210
47 6 18 1 210
47 6 20 1 210
47 7 14 1 210
47 9 14 1 210
47 12 14 1 210
47 14 15 2 210
47 14 18 2 210
47 14 20 2 210
48 7 7 4 210
48 7 9 2 210
48 7 12 2 210
48 7 15 2 210
48 7 18 1 210
48 7 20 1 210
48 9 9 4 210
48 9 12 2 210
48 9 15 1 210
48 9 18 2 210
48 9 20 1 210
48 12 12 4 210
48 12 15 1 210
48 12 18 1 210
48 12 20 2 210
48 15 15 4 210
48 15 18 2 210
48 15 20 2 210
48 18 18 4 210
48 18 20 2 210
48 20 20 4 210
48 28 35 1 210
48 28 36 1 210
48 28 37 1 210
48 29 35 1 210
48 29 36 1 210
48 29 37 1 210
48 30 35 1 210
48 30 36 1 210
48 30 37 1 210
48 31 35 1 210
48 31 36 1 210
48 31 37 1 210
48 32 35 1 210
48 32 36 1 210
48 32 37 1 210
48 33 35 1 210
48 33 36 1 210
48 33 37 1 210
50 13 35 3 210
50 13 36 2 210
50 13 37 1 210
50 21 35 1 210
50 21 36 2 210
50 21 37 3 210
50 38 38 6 210
51 6 35 3 210
51 6 36 2 210
51 6 37 1 210
51 14 35 1 210
51 14 36 2 210
51 14 37 3 210
52 7 35 3 210
52 7 36 2 210
52 7 37 1 210
52 9 35 3 210
52 9 36 2 210
52 9 37 1 210
52 12 35 3 210
52 12 36 2 210
52 12 37 1 210
52 15 35 1 210
52 15 36 2 210
52 15 37 3 210
52 18 35 1 210
52 18 36 2 210
52 18 37 3 210
52 20 35 1 210
52 20 36 2 210
52 20 37 3 210
54 35 35 6 210
54 35 36 3 210
54 35 37 1 210
54 36 36 4 210
54 36 37 3 210
54 37 37 6 210
3
1 18 26 3 210
1 21 26 3 210
2 23 26 3 210
2 24 26 3 210
2 25 26 3 210
4 4 26 1 210
4 7 26 1 210
4 17 17 4 210
4 18 22 2 210
4 21 22 2 210
4 26 27 1 210
5 1 26 1 210
5 2 26 1 210
5 17 18 2 210
5 17 21 2 210
5 22 22 4 210
5 26 26 4 210
5 26 31 1 210
5 26 38 1 210
6 18 18 4 210
6 18 21 2 210
6 21 21 4 210
6 26 28 1 210
6 26 29 1 210
6 26 30 1 210
7 5 26 1 210
7 10 26 1 210
7 11 26 1 210
7 14 26 1 210
7 15 26 1 210
7 17 23 2 210
7 17 24 2 210
7 17 25 2 210
7 20 26 1 210
7 22 23 2 210
7 22 24 2 210
7 22 25 2 210
8 6 26 1 210
8 9 26 1 210
8 12 26 1 210
8 13 26 1 210
8 16 26 1 210
8 18 23 2 210
8 18 24 2 210
8 18 25 2 210
8 19 26 1 210
8 21 23 2 210
8 21 24 2 210
8 21 25 2 210
9 23 23 4 210
9 23 24 2 210
9 23 25 2 210
9 24 24 4 210
9 24 25 2 210
9 25 25 4 210
9 26 32 1 210
9 26 33 1 210
9 26 34 1 210
9 26 35 1 210
9 26 36 1 210
9 26 37 1 210
11 0 17 2 210
11 3 17 2 210
11 4 22 2 210
11 7 22 2 210
11 8 18 1 210
11 8 21 1 210
11 17 27 1 210
11 22 27 1 210
12 0 17 2 210
12 1 22 1 210
12 2 22 1 210
12 3 18 1 210
12 3 21 1 210
12 4 17 1 210
12 7 17 1 210
12 8 22 2 210
12 17 27 1 210
12 22 31 1 210
12 26 26 4 210
12 26 38 1 210
13 4 18 2 210
13 4 21 1 210
13 7 18 1 210
13 7 21 2 210
13 17 27 3 210
13 22 28 1 210
13 22 29 1 210
13 22 30 1 210
14 0 18 1 210
14 0 21 1 210
14 1 17 2 210
14 2 17 2 210
14 3 22 2 210
14 8 22 2 210
14 17 26 2 210
14 17 31 1 210
14 17 38 1 210
14 22 26 2 210
14 22 31 1 210
14 22 38 1 210
15 1 17 2 210
15 2 17 2 210
15 4 22 2 210
15 7 22 2 210
15 18 26 2 210
15 18 27 1 210
15 18 31 1 210
15 18 38 1 210
15 21 26 2 210
15 21 27 1 210
15 21 31 1 210
15 21 38 1 210
16 1 18 2 210
16 1 21 1 210
16 2 18 1 210
16 2 21 2 210
16 17 28 1 210
16 17 29 1 210
16 17 30 1 210
16 22 31 3 210
16 23 26 2 210
16 23 38 1 210
16 24 26 2 210
16 24 38 1 210
16 25 26 2 210
16 25 38 1 210
17 18 28 3 210
17 18 29 2 210
17 18 30 1 210
17 21 28 1 210
17 21 29 2 210
17 21 30 3 210
18 0 23 1 210
18 0 24 1 210
18 0 25 1 210
18 3 23 1 210
18 3 24 1 210
18 3 25 1 210
18 5 17 2 210
18 5 22 1 210
18 8 23 1 210
18 8 24 1 210
18 8 25 1 210
18 10 17 1 210
18 10 22 2 210
18 11 17 2 210
18 11 22 1 210
18 14 17 1 210
18 14 22 2 210
18 15 17 2 210
18 15 22 1 210
18 17 20 1 210
18 20 22 2 210
19 4 23 1 210
19 4 24 1 210
19 4 25 1 210
19 5 17 2 210
19 6 22 1 210
19 7 23 1 210
19 7 24 1 210
19 7 25 1 210
19 9 22 1 210
19 10 18 1 210
19 10 21 1 210
19 11 17 2 210
19 12 22 1 210
19 13 22 1 210
19 14 18 1 210
19 14 21 1 210
19 15 17 2 210
19 16 22 1 210
19 18 20 1 210
19 19 22 1 210
19 20 21 1 210
19 23 27 1 210
19 24 27 1 210
19 25 27 1 210
20 1 23 1 210
20 1 24 1 210
20 1 25 1 210
20 2 23 1 210
20 2 24 1 210
20 2 25 1 210
20 5 18 1 210
20 5 21 1 210
20 6 17 1 210
20 9 17 1 210
20 10 22 2 210
20 11 18 1 210
20 11 21 1 210
20 12 17 1 210
20 13 17 1 210
20 14 22 2 210
20 15 18 1 210
20 15 21 1 210
20 16 17 1 210
20 17 19 1 210
20 20 22 2 210
20 23 31 1 210
20 24 31 1 210
20 25 31 1 210
20 26 38 3 210
21 6 18 2 210
21 6 21 1 210
21 9 18 1 210
21 9 21 2 210
21 12 18 2 210
21 12 21 1 210
21 13 18 1 210
21 13 21 2 210
21 16 18 2 210
21 16 21 1 210
21 18 19 1 210
21 19 21 2 210
21 23 28 1 210
21 23 29 1 210
21 23 30 1 210
21 24 28 1 210
21 24 29 1 210
21 24 30 1 210
21 25 28 1 210
21 25 29 1 210
21 25 30 1 210
22 5 23 2 210
22 5 24 1 210
22 5 25 1 210
22 10 23 2 210
22 10 24 1 210
22 10 25 1 210
22 11 23 1 210
22 11 24 2 210
22 11 25 1 210
22 14 23 1 210
22 14 24 2 210
22 14 25 1 210
22 15 23 1 210
22 15 24 1 210
22 15 25 2 210
22 17 32 1 210
22 17 33 1 210
22 17 34 1 210
22 17 35 1 210
22 17 36 1 210
22 17 37 1 210
22 20 23 1 210
22 20 24 1 210
22 20 25 2 210
22 22 32 1 210
22 22 33 1 210
22 22 34 1 210
22 22 35 1 210
22 22 36 1 210
22 22 37 1 210
23 6 23 2 210
23 6 24 1 210
23 6 25 1 210
23 9 23 2 210
23 9 24 1 210
23 9 25 1 210
23 12 23 1 210
23 12 24 2 210
23 12 25 1 210
23 13 23 1 210
23 13 24 2 210
23 13 25 1 210
23 16 23 1 210
23 16 24 1 210
23 16 25 2 210
23 18 32 1 210
23 18 33 1 210
23 18 34 1 210
23 18 35 1 210
23 18 36 1 210
23 18 37 1 210
23 19 23 1 210
23 19 24 1 210
23 19 25 2 210
23 21 32 1 210
23 21 33 1 210
23 21 34 1 210
23 21 35 1 210
23 21 36 1 210
23 21 37 1 210
24 23 32 3 210
24 23 33 2 210
24 23 34 1 210
24 23 35 2 210
24 23 36 1 210
24 23 37 1 210
24 24 32 1 210
24 24 33 2 210
24 24 34 3 210
24 24 35 1 210
24 24 36 2 210
24 24 37 1 210
24 25 32 1 210
24 25 33 1 210
24 25 34 1 210
24 25 35 2 210
24 25 36 2 210
24 25 37 3 210
26 0 0 4 210
26 0 3 2 210
26 0 27 1 210
26 3 3 4 210
26 3 27 1 210
26 4 8 3 210
26 7 8 3 210
26 8 27 1 210
27 0 0 4 210
27 0 3 2 210
27 0 27 1 210
27 1 8 1 210
27 2 8 1 210
27 3 4 2 210
27 3 7 2 210
27 3 27 1 210
27 8 8 4 210
27 8 31 1 210
27 26 26 4 210
27 26 38 1 210
28 0 27 3 210
28 3 27 3 210
28 4 4 4 210
28 4 7 2 210
28 7 7 4 210
28 8 28 1 210
28 8 29 1 210
28 8 30 1 210
29 0 0 4 210
29 0 4 1 210
29 0 7 1 210
29 0 27 1 210
29 1 3 2 210
29 2 3 2 210
29 3 8 2 210
29 3 31 1 210
29 8 8 4 210
29 8 31 1 210
29 17 26 2 210
29 17 38 1 210
29 22 26 2 210
29 22 38 1 210
30 0 0 4 210
30 1 3 2 210
30 2 3 2 210
30 4 8 2 210
30 4 27 1 210
30 4 31 1 210
30 7 8 2 210
30 7 27 1 210
30 7 31 1 210
30 18 26 2 210
30 18 38 1 210
30 21 26 2 210
30 21 38 1 210
30 27 27 2 210
31 0 27 3 210
31 1 4 2 210
31 1 7 1 210
31 2 4 1 210
31 2 7 2 210
31 3 28 1 210
31 3 29 1 210
31 3 30 1 210
31 8 31 3 210
31 23 26 2 210
31 23 38 1 210
31 24 26 2 210
31 24 38 1 210
31 25 26 2 210
31 25 38 1 210
32 4 28 3 210
32 4 29 2 210
32 4 30 1 210
32 7 28 1 210
32 7 29 2 210
32 7 30 3 210
32 27 27 6 210
33 0 1 3 210
33 0 2 3 210
33 0 31 1 210
33 0 38 1 210
33 3 3 4 210
33 3 8 2 210
33 3 31 1 210
33 3 38 1 210
33 8 8 4 210
33 8 31 1 210
33 8 38 1 210
33 17 17 4 210
33 17 22 2 210
33 22 22 4 210
34 0 1 2 210
34 0 2 2 210
34 1 27 1 210
34 2 27 1 210
34 3 3 4 210
34 4 8 2 210
34 4 31 1 210
34 4 38 1 210
34 7 8 2 210
34 7 31 1 210
34 7 38 1 210
34 17 17 4 210
34 18 22 2 210
34 21 22 2 210
34 27 31 1 210
34 27 38 1 210
35 0 1 2 210
35 0 2 2 210
35 1 27 1 210
35 1 31 1 210
35 1 38 1 210
35 2 27 1 210
35 2 31 1 210
35 2 38 1 210
35 3 4 2 210
35 3 7 2 210
35 8 8 4 210
35 17 18 2 210
35 17 21 2 210
35 22 22 4 210
35 26 26 4 210
35 31 31 2 210
35 31 38 1 210
35 38 38 2 210
36 1 27 3 210
36 2 27 3 210
36 4 4 4 210
36 4 7 2 210
36 7 7 4 210
36 18 18 4 210
36 18 21 2 210
36 21 21 4 210
36 28 31 1 210
36 28 38 1 210
36 29 31 1 210
36 29 38 1 210
36 30 31 1 210
36 30 38 1 210
37 0 28 1 210
37 0 29 1 210
37 0 30 1 210
37 1 1 4 210
37 1 2 2 210
37 2 2 4 210
37 3 31 3 210
37 5 38 1 210
37 8 31 3 210
37 10 38 1 210
37 11 38 1 210
37 14 38 1 210
37 15 38 1 210
37 17 23 2 210
37 17 24 2 210
37 17 25 2 210
37 20 38 1 210
37 22 23 2 210
37 22 24 2 210
37 22 25 2 210
38 1 1 4 210
38 1 2 2 210
38 2 2 4 210
38 4 31 3 210
38 6 38 1 210
38 7 31 3 210
38 9 38 1 210
38 12 38 1 210
38 13 38 1 210
38 16 38 1 210
38 18 23 2 210
38 18 24 2 210
38 18 25 2 210
38 19 38 1 210
38 21 23 2 210
38 21 24 2 210
38 21 25 2 210
38 27 28 1 210
38 27 29 1 210
38 27 30 1 210
39 1 28 3 210
39 1 29 2 210
39 1 30 1 210
39 2 28 1 210
39 2 29 2 210
39 2 30 3 210
39 23 23 4 210
39 23 24 2 210
39 23 25 2 210
39 24 24 4 210
39 24 25 2 210
39 25 25 4 210
39 31 31 6 210
39 32 38 1 210
39 33 38 1 210
39 34 38 1 210
39 35 38 1 210
39 36 38 1 210
39 37 38 1 210
40 28 28 6 210
40 28 29 3 210
40 28 30 1 210
40 29 29 4 210
40 29 30 3 210
40 30 30 6 210
41 0 5 3 210
41 0 10 1 210
41 0 11 3 210
41 0 14 1 210
41 0 15 3 210
41 0 20 1 210
41 3 5 2 210
41 3 10 2 210
41 3 11 2 210
41 3 14 2 210
41 3 15 2 210
41 3 20 2 210
41 5 8 1 210
41 8 10 3 210
41 8 11 1 210
41 8 14 3 210
41 8 15 1 210
41 8 20 3 210
42 0 5 2 210
42 0 11 2 210
42 0 15 2 210
42 3 5 2 210
42 3 11 2 210
42 3 15 2 210
42 4 10 2 210
42 4 14 2 210
42 4 20 2 210
42 5 27 1 210
42 6 8 1 210
42 7 10 2 210
42 7 14 2 210
42 7 20 2 210
42 8 9 1 210
42 8 12 1 210
42 8 13 1 210
42 8 16 1 210
42 8 19 1 210
42 10 27 1 210
42 11 27 1 210
42 14 27 1 210
42 15 27 1 210
42 20 27 1 210
43 0 5 2 210
43 0 11 2 210
43 0 15 2 210
43 1 10 1 210
43 1 14 1 210
43 1 20 1 210
43 2 10 1 210
43 2 14 1 210
43 2 20 1 210
43 3 6 1 210
43 3 9 1 210
43 3 12 1 210
43 3 13 1 210
43 3 16 1 210
43 3 19 1 210
43 4 5 1 210
43 4 11 1 210
43 4 15 1 210
43 5 7 1 210
43 5 27 1 210
43 7 11 1 210
43 7 15 1 210
43 8 10 2 210
43 8 14 2 210
43 8 20 2 210
43 10 31 1 210
43 11 27 1 210
43 14 31 1 210
43 15 27 1 210
43 20 31 1 210
43 26 38 3 210
44 4 6 2 210
44 4 9 1 210
44 4 12 2 210
44 4 13 1 210
44 4 16 2 210
44 4 19 1 210
44 5 27 3 210
44 6 7 1 210
44 7 9 2 210
44 7 12 1 210
44 7 13 2 210
44 7 16 1 210
44 7 19 2 210
44 10 28 1 210
44 10 29 1 210
44 10 30 1 210
44 11 27 3 210
44 14 28 1 210
44 14 29 1 210
44 14 30 1 210
44 15 27 3 210
44 20 28 1 210
44 20 29 1 210
44 20 30 1 210
45 0 6 1 210
45 0 9 1 210
45 0 12 1 210
45 0 13 1 210
45 0 16 1 210
45 0 19 1 210
45 1 5 2 210
45 1 11 2 210
45 1 15 2 210
45 2 5 2 210
45 2 11 2 210
45 2 15 2 210
45 3 10 2 210
45 3 14 2 210
45 3 20 2 210
45 5 31 1 210
45 8 10 2 210
45 8 14 2 210
45 8 20 2 210
45 10 31 1 210
45 11 31 1 210
45 14 31 1 210
45 15 31 1 210
45 17 38 3 210
45 20 31 1 210
45 22 38 3 210
46 1 5 2 210
46 1 11 2 210
46 1 15 2 210
46 2 5 2 210
46 2 11 2 210
46 2 15 2 210
46 4 10 2 210
46 4 14 2 210
46 4 20 2 210
46 6 27 1 210
46 6 31 1 210
46 7 10 2 210
46 7 14 2 210
46 7 20 2 210
46 9 27 1 210
46 9 31 1 210
46 12 27 1 210
46 12 31 1 210
46 13 27 1 210
46 13 31 1 210
46 16 27 1 210
46 16 31 1 210
46 18 38 3 210
46 19 27 1 210
46 19 31 1 210
46 21 38 3 210
47 1 6 2 210
47 1 9 1 210
47 1 12 2 210
47 1 13 1 210
47 1 16 2 210
47 1 19 1 210
47 2 6 1 210
47 2 9 2 210
47 2 12 1 210
47 2 13 2 210
47 2 16 1 210
47 2 19 2 210
47 5 28 1 210
47 5 29 1 210
47 5 30 1 210
47 10 31 3 210
47 11 28 1 210
47 11 29 1 210
47 11 30 1 210
47 14 31 3 210
47 15 28 1 210
47 15 29 1 210
47 15 30 1 210
47 20 31 3 210
47 23 38 3 210
47 24 38 3 210
47 25 38 3 210
48 6 28 3 210
48 6 29 2 210
48 6 30 1 210
48 9 28 1 210
48 9 29 2 210
48 9 30 3 210
48 12 28 3 210
48 12 29 2 210
48 12 30 1 210
48 13 28 1 210
48 13 29 2 210
48 13 30 3 210
48 16 28 3 210
48 16 29 2 210
48 16 30 1 210
48 19 28 1 210
48 19 29 2 210
48 19 30 3 210
49 0 32 1 210
49 0 33 1 210
49 0 34 1 210
49 0 35 1 210
49 0 36 1 210
49 0 37 1 210
49 3 32 1 210
49 3 33 1 210
49 3 34 1 210
49 3 35 1 210
49 3 36 1 210
49 3 37 1 210
49 5 5 4 210
49 5 10 2 210
49 5 11 2 210
49 5 14 1 210
49 5 15 2 210
49 5 20 1 210
49 8 32 1 210
49 8 33 1 210
49 8 34 1 210
49 8 35 1 210
49 8 36 1 210
49 8 37 1 210
49 10 10 4 210
49 10 11 1 210
49 10 14 2 210
49 10 15 1 210
49 10 20 2 210
49 11 11 4 210
49 11 14 2 210
49 11 15 2 210
49 11 20 1 210
49 14 14 4 210
49 14 15 1 210
49 14 20 2 210
49 15 15 4 210
49 15 20 2 210
49 20 20 4 210
50 4 32 1 210
50 4 33 1 210
50 4 34 1 210
50 4 35 1 210
50 4 36 1 210
50 4 37 1 210
50 5 5 4 210
50 5 11 2 210
50 5 15 2 210
50 6 10 2 210
50 6 14 1 210
50 6 20 1 210
50 7 32 1 210
50 7 33 1 210
50 7 34 1 210
50 7 35 1 210
50 7 36 1 210
50 7 37 1 210
50 9 10 2 210
50 9 14 1 210
50 9 20 1 210
50 10 12 1 210
50 10 13 1 210
50 10 16 1 210
50 10 19 1 210
50 11 11 4 210
50 11 15 2 210
50 12 14 2 210
50 12 20 1 210
50 13 14 2 210
50 13 20 1 210
50 14 16 1 210
50 14 19 1 210
50 15 15 4 210
50 16 20 2 210
50 19 20 2 210
50 27 32 1 210
50 27 33 1 210
50 27 34 1 210
50 27 35 1 210
50 27 36 1 210
50 27 37 1 210
51 1 32 1 210
51 1 33 1 210
51 1 34 1 210
51 1 35 1 210
51 1 36 1 210
51 1 37 1 210
51 2 32 1 210
51 2 33 1 210
51 2 34 1 210
51 2 35 1 210
51 2 36 1 210
51 2 37 1 210
51 5 6 2 210
51 5 9 2 210
51 5 12 1 210
51 5 13 1 210
51 5 16 1 210
51 5 19 1 210
51 6 11 1 210
51 6 15 1 210
51 9 11 1 210
51 9 15 1 210
51 10 10 4 210
51 10 14 2 210
51 10 20 2 210
51 11 12 2 210
51 11 13 2 210
51 11 16 1 210
51 11 19 1 210
51 12 15 1 210
51 13 15 1 210
51 14 14 4 210
51 14 20 2 210
51 15 16 2 210
51 15 19 2 210
51 20 20 4 210
51 31 32 1 210
51 31 33 1 210
51 31 34 1 210
51 31 35 1 210
51 31 36 1 210
51 31 37 1 210
51 38 38 6 210
52 6 6 4 210
52 6 9 2 210
52 6 12 2 210
52 6 13 1 210
52 6 16 2 210
52 6 19 1 210
52 9 9 4 210
52 9 12 1 210
52 9 13 2 210
52 9 16 1 210
52 9 19 2 210
52 12 12 4 210
52 12 13 2 210
52 12 16 2 210
52 12 19 1 210
52 13 13 4 210
52 13 16 1 210
52 13 19 2 210
52 16 16 4 210
52 16 19 2 210
52 19 19 4 210
52 28 32 1 210
52 28 33 1 210
52 28 34 1 210
52 28 35 1 210
52 28 36 1 210
52 28 37 1 210
52 29 32 1 210
52 29 33 1 210
52 29 34 1 210
52 29 35 1 210
52 29 36 1 210
52 29 37 1 210
52 30 32 1 210
52 30 33 1 210
52 30 34 1 210
52 30 35 1 210
52 30 36 1 210
52 30 37 1 210
53 5 32 3 210
53 5 33 2 210
53 5 34 1 210
53 5 35 2 210
53 5 36 1 210
53 5 37 1 210
53 10 32 3 210
53 10 33 2 210
53 10 34 1 210
53 10 35 2 210
53 10 36 1 210
53 10 37 1 210
53 11 32 1 210
53 11 33 2 210
53 11 34 3 210
53 11 35 1 210
53 11 36 2 210
53 11 37 1 210
53 14 32 1 210
53 14 33 2 210
53 14 34 3 210
53 14 35 1 210
53 14 36 2 210
53 14 37 1 210
53 15 32 1 210
53 15 33 1 210
53 15 34 1 210
53 15 35 2 210
53 15 36 2 210
53 15 37 3 210
53 20 32 1 210
53 20 33 1 210
53 20 34 1 210
53 20 35 2 210
53 20 36 2 210
53 20 37 3 210
54 6 32 3 210
54 6 33 2 210
54 6 34 1 210
54 6 35 2 210
54 6 36 1 210
54 6 37 1 210
54 9 32 3 210
54 9 33 2 210
54 9 34 1 210
54 9 35 2 210
54 9 36 1 210
54 9 37 1 210
54 12 32 1 210
54 12 33 2 210
54 12 34 3 210
54 12 35 1 210
54 12 36 2 210
54 12 37 1 210
54 13 32 1 210
54 13 33 2 210
54 13 34 3 210
54 13 35 1 210
54 13 36 2 210
54 13 37 1 210
54 16 32 1 210
54 16 33 1 210
54 16 34 1 210
54 16 35 2 210
54 16 36 2 210
54 16 37 3 210
54 19 32 1 210
54 19 33 1 210
54 19 34 1 210
54 19 35 2 210
54 19 36 2 210
54 19 37 3 210
55 32 32 6 210
55 32 33 3 210
55 32 34 1 210
55 32 35 3 210
55 32 36 1 210
55 32 37 1 210
55 33 33 4 210
55 33 34 3 210
55 33 35 2 210
55 33 36 2 210
55 33 37 1 210
55 34 34 6 210
55 34 35 1 210
55 34 36 3 210
55 34 37 1 210
55 35 35 4 210
55 35 36 2 210
55 35 37 3 210
55 36 36 4 210
55 36 37 3 210
55 37 37 6 210
4
0 10 10 6 210
2 5 10 3 210
3 6 10 3 210
3 7 10 3 210
3 8 10 3 210
3 9 10 3 210
6 10 10 4 210
6 10 22 1 210
7 0 10 1 210
7 5 5 4 210
8 5 5 4 210
8 10 11 1 210
9 1 10 1 210
9 2 10 1 210
9 3 10 1 210
9 4 10 1 210
9 5 6 2 210
9 5 7 2 210
9 5 8 2 210
9 5 9 2 210
10 6 6 4 210
10 6 7 2 210
10 6 8 2 210
10 6 9 2 210
10 7 7 4 210
10 7 8 2 210
10 7 9 2 210
10 8 8 4 210
10 8 9 2 210
10 9 9 4 210
10 10 12 1 210
10 10 13 1 210
10 10 14 1 210
10 10 15 1 210
10 10 16 1 210
10 10 17 1 210
10 10 18 1 210
10 10 19 1 210
10 10 20 1 210
10 10 21 1 210
13 10 10 4 210
13 10 22 1 210
16 5 10 2 210
16 5 22 1 210
17 6 10 2 210
17 6 22 1 210
17 7 10 2 210
17 7 22 1 210
17 8 10 2 210
17 8 22 1 210
17 9 10 2 210
17 9 22 1 210
18 0 5 3 210
19 0 5 2 210
19 5 11 1 210
20 0 5 2 210
20 5 11 1 210
21 5 11 3 210
21 10 22 3 210
22 0 6 1 210
22 0 7 1 210
22 0 8 1 210
22 0 9 1 210
22 1 5 2 210
22 2 5 2 210
22 3 5 2 210
22 4 5 2 210
23 1 5 2 210
23 2 5 2 210
23 3 5 2 210
23 4 5 2 210
23 6 11 1 210
23 7 11 1 210
23 8 11 1 210
23 9 11 1 210
24 1 6 2 210
24 1 7 1 210
24 1 8 1 210
24 1 9 1 210
24 2 6 1 210
24 2 7 2 210
24 2 8 1 210
24 2 9 1 210
24 3 6 1 210
24 3 7 1 210
24 3 8 2 210
24 3 9 1 210
24 4 6 1 210
24 4 7 1 210
24 4 8 1 210
24 4 9 2 210
24 5 12 1 210
24 5 13 1 210
24 5 14 1 210
24 5 15 1 210
24 5 16 1 210
24 5 17 1 210
24 5 18 1 210
24 5 19 1 210
24 5 20 1 210
24 5 21 1 210
25 6 12 3 210
25 6 13 2 210
25 6 14 1 210
25 6 15 2 210
25 6 16 1 210
25 6 17 1 210
25 6 18 2 210
25 6 19 1 210
25 6 20 1 210
25 6 21 1 210
25 7 12 1 210
25 7 13 2 210
25 7 14 3 210
25 7 15 1 210
25 7 16 2 210
25 7 17 1 210
25 7 18 1 210
25 7 19 2 210
25 7 20 1 210
25 7 21 1 210
25 8 12 1 210
25 8 13 1 210
25 8 14 1 210
25 8 15 2 210
25 8 16 2 210
25 8 17 3 210
25 8 18 1 210
25 8 19 1 210
25 8 20 2 210
25 8 21 1 210
25 9 12 1 210
25 9 13 1 210
25 9 14 1 210
25 9 15 1 210
25 9 16 1 210
25 9 17 1 210
25 9 18 2 210
25 9 19 2 210
25 9 20 2 210
25 9 21 3 210
28 10 10 4 210
28 10 22 1 210
31 5 10 2 210
31 5 22 1 210
32 6 10 2 210
32 6 22 1 210
32 7 10 2 210
32 7 22 1 210
32 8 10 2 210
32 8 22 1 210
32 9 10 2 210
32 9 22 1 210
36 10 10 4 210
36 22 22 2 210
37 0 22 1 210
37 5 5 4 210
38 5 5 4 210
38 11 22 1 210
39 1 22 1 210
39 2 22 1 210
39 3 22 1 210
39 4 22 1 210
39 5 6 2 210
39 5 7 2 210
39 5 8 2 210
39 5 9 2 210
40 6 6 4 210
40 6 7 2 210
40 6 8 2 210
40 6 9 2 210
40 7 7 4 210
40 7 8 2 210
40 7 9 2 210
40 8 8 4 210
40 8 9 2 210
40 9 9 4 210
40 12 22 1 210
40 13 22 1 210
40 14 22 1 210
40 15 22 1 210
40 16 22 1 210
40 17 22 1 210
40 18 22 1 210
40 19 22 1 210
40 20 22 1 210
40 21 22 1 210
41 0 0 6 210
42 0 0 4 210
42 0 11 1 210
43 0 0 4 210
43 0 11 1 210
44 0 11 3 210
44 10 22 3 210
45 0 0 4 210
45 0 11 1 210
46 0 0 4 210
46 11 11 2 210
47 0 11 3 210
47 5 22 3 210
48 6 22 3 210
48 7 22 3 210
48 8 22 3 210
48 9 22 3 210
48 11 11 6 210
49 0 1 3 210
49 0 2 3 210
49 0 3 3 210
49 0 4 3 210
50 0 1 2 210
50 0 2 2 210
50 0 3 2 210
50 0 4 2 210
50 1 11 1 210
50 2 11 1 210
50 3 11 1 210
50 4 11 1 210
51 0 1 2 210
51 0 2 2 210
51 0 3 2 210
51 0 4 2 210
51 1 11 1 210
51 2 11 1 210
51 3 11 1 210
51 4 11 1 210
52 1 11 3 210
52 2 11 3 210
52 3 11 3 210
52 4 11 3 210
52 22 22 6 210
53 0 12 1 210
53 0 13 1 210
53 0 14 1 210
53 0 15 1 210
53 0 16 1 210
53 0 17 1 210
53 0 18 1 210
53 0 19 1 210
53 0 20 1 210
53 0 21 1 210
53 1 1 4 210
53 1 2 2 210
53 1 3 2 210
53 1 4 2 210
53 2 2 4 210
53 2 3 2 210
53 2 4 2 210
53 3 3 4 210
53 3 4 2 210
53 4 4 4 210
54 1 1 4 210
54 1 2 2 210
54 1 3 2 210
54 1 4 2 210
54 2 2 4 210
54 2 3 2 210
54 2 4 2 210
54 3 3 4 210
54 3 4 2 210
54 4 4 4 210
54 11 12 1 210
54 11 13 1 210
54 11 14 1 210
54 11 15 1 210
54 11 16 1 210
54 11 17 1 210
54 11 18 1 210
54 11 19 1 210
54 11 20 1 210
54 11 21 1 210
55 1 12 3 210
55 1 13 2 210
55 1 14 1 210
55 1 15 2 210
55 1 16 1 210
55 1 17 1 210
55 1 18 2 210
55 1 19 1 210
55 1 20 1 210
55 1 21 1 210
55 2 12 1 210
55 2 13 2 210
55 2 14 3 210
55 2 15 1 210
55 2 16 2 210
55 2 17 1 210
55 2 18 1 210
55 2 19 2 210
55 2 20 1 210
55 2 21 1 210
55 3 12 1 210
55 3 13 1 210
55 3 14 1 210
55 3 15 2 210
55 3 16 2 210
55 3 17 3 210
55 3 18 1 210
55 3 19 1 210
55 3 20 2 210
55 3 21 1 210
55 4 12 1 210
55 4 13 1 210
55 4 14 1 210
55 4 15 1 210
55 4 16 1 210
55 4 17 1 210
55 4 18 2 210
55 4 19 2 210
55 4 20 2 210
55 4 21 3 210
56 12 12 6 210
56 12 13 3 210
56 12 14 1 210
56 12 15 3 210
56 12 16 1 210
56 12 17 1 210
56 12 18 3 210
56 12 19 1 210
56 12 20 1 210
56 12 21 1 210
56 13 13 4 210
56 13 14 3 210
56 13 15 2 210
56 13 16 2 210
56 13 17 1 210
56 13 18 2 210
56 13 19 2 210
56 13 20 1 210
56 13 21 1 210
56 14 14 6 210
56 14 15 1 210
56 14 16 3 210
56 14 17 1 210
56 14 18 1 210
56 14 19 3 210
56 14 20 1 210
56 14 21 1 210
56 15 15 4 210
56 15 16 2 210
56 15 17 3 210
56 15 18 2 210
56 15 19 1 210
56 15 20 2 210
56 15 21 1 210
56 16 16 4 210
56 16 17 3 210
56 16 18 1 210
56 16 19 2 210
56 16 20 2 210
56 16 21 1 210
56 17 17 6 210
56 17 18 1 210
56 17 19 1 210
56 17 20 3 210
56 17 21 1 210
56 18 18 4 210
56 18 19 2 210
56 18 20 2 210
56 18 21 3 210
56 19 19 4 210
56 19 20 2 210
56 19 21 3 210
56 20 20 4 210
56 20 21 3 210
56 21 21 6 210
5
0 0 0 2 42
0 0 1 1 42
0 1 1 2 42
1 0 2 1 42
1 0 3 1 42
1 1 2 1 42
1 1 3 1 42
2 2 2 2 42
2 2 3 1 42
2 3 3 2 42
4 0 4 1 42
4 0 5 1 42
4 1 4 1 42
4 1 5 1 42
5 2 4 1 42
5 2 5 1 42
5 3 4 1 42
5 3 5 1 42
7 4 4 2 42
7 4 5 1 42
7 5 5 2 42
11 0 6 1 42
11 0 7 1 42
11 1 6 1 42
11 1 7 1 42
12 2 6 1 42
12 2 7 1 42
12 3 6 1 42
12 3 7 1 42
14 4 6 1 42
14 4 7 1 42
14 5 6 1 42
14 5 7 1 42
18 6 6 2 42
18 6 7 1 42
18 7 7 2 42
26 0 8 1 42
26 0 9 1 42
26 1 8 1 42
26 1 9 1 42
27 2 8 1 42
27 2 9 1 42
27 3 8 1 42
27 3 9 1 42
29 4 8 1 42
29 4 9 1 42
29 5 8 1 42
29 5 9 1 42
33 6 8 1 42
33 6 9 1 42
33 7 8 1 42
33 7 9 1 42
41 8 8 2 42
41 8 9 1 42
41 9 9 2 42
6
0 1 4 1 42
0 1 7 1 42
0 1 10 1 42
0 1 13 1 42
0 2 4 1 42
0 2 7 1 42
0 2 10 1 42
0 2 13 1 42
0 3 4 1 42
0 3 7 1 42
0 3 10 1 42
0 3 13 1 42
1 0 0 2 42
1 4 4 2 42
1 5 7 1 42
1 5 10 1 42
1 5 13 1 42
1 6 7 1 42
1 6 10 1 42
1 6 13 1 42
2 0 1 1 42
2 0 2 1 42
2 0 3 1 42
3 1 1 2 42
3 1 2 1 42
3 1 3 1 42
3 2 2 2 42
3 2 3 1 42
3 3 3 2 42
4 4 5 1 42
4 4 6 1 42
4 7 7 2 42
4 8 10 1 42
4 8 13 1 42
4 9 10 1 42
4 9 13 1 42
5 0 5 1 42
5 0 6 1 42
6 1 5 1 42
6 1 6 1 42
6 2 5 1 42
6 2 6 1 42
6 3 5 1 42
6 3 6 1 42
8 5 5 2 42
8 5 6 1 42
8 6 6 2 42
11 4 8 1 42
11 4 9 1 42
11 7 8 1 42
11 7 9 1 42
11 10 10 2 42
11 11 13 1 42
11 12 13 1 42
12 0 8 1 42
12 0 9 1 42
13 1 8 1 42
13 1 9 1 42
13 2 8 1 42
13 2 9 1 42
13 3 8 1 42
13 3 9 1 42
15 5 8 1 42
15 5 9 1 42
15 6 8 1 42
15 6 9 1 42
19 8 8 2 42
19 8 9 1 42
19 9 9 2 42
26 4 11 1 42
26 4 12 1 42
26 7 11 1 42
26 7 12 1 42
26 10 11 1 42
26 10 12 1 42
26 13 13 2 42
27 0 11 1 42
27 0 12 1 42
28 1 11 1 42
28 1 12 1 42
28 2 11 1 42
28 2 12 1 42
28 3 11 1 42
28 3 12 1 42
30 5 11 1 42
30 5 12 1 42
30 6 11 1 42
30 6 12 1 42
34 8 11 1 42
34 8 12 1 42
34 9 11 1 42
34 9 12 1 42
42 11 11 2 42
42 11 12 1 42
42 12 12 2 42
7
1 1 7 1 42
1 1 10 1 42
1 1 13 1 42
1 2 7 1 42
1 2 10 1 42
1 2 13 1 42
2 4 7 1 42
2 4 10 1 42
2 4 13 1 42
2 5 7 1 42
2 5 10 1 42
2 5 13 1 42
2 6 7 1 42
2 6 10 1 42
2 6 13 1 42
4 0 0 2 42
4 1 3 1 42
4 2 3 1 42
5 0 1 1 42
5 0 2 1 42
5 3 3 2 42
5 7 7 2 42
5 8 10 1 42
5 8 13 1 42
5 9 10 1 42
5 9 13 1 42
6 1 1 2 42
6 1 2 1 42
6 2 2 2 42
7 0 4 1 42
7 0 5 1 42
7 0 6 1 42
7 3 4 1 42
7 3 5 1 42
7 3 6 1 42
8 1 4 1 42
8 1 5 1 42
8 1 6 1 42
8 2 4 1 42
8 2 5 1 42
8 2 6 1 42
9 4 4 2 42
9 4 5 1 42
9 4 6 1 42
9 5 5 2 42
9 5 6 1 42
9 6 6 2 42
12 7 8 1 42
12 7 9 1 42
12 10 10 2 42
12 11 13 1 42
12 12 13 1 42
14 0 8 1 42
14 0 9 1 42
14 3 8 1 42
14 3 9 1 42
15 1 8 1 42
15 1 9 1 42
15 2 8 1 42
15 2 9 1 42
16 4 8 1 42
16 4 9 1 42
16 5 8 1 42
16 5 9 1 42
16 6 8 1 42
16 6 9 1 42
20 8 8 2 42
20 8 9 1 42
20 9 9 2 42
27 7 11 1 42
27 7 12 1 42
27 10 11 1 42
27 10 12 1 42
27 13 13 2 42
29 0 11 1 42
29 0 12 1 42
29 3 11 1 42
29 3 12 1 42
30 1 11 1 42
30 1 12 1 42
30 2 11 1 42
30 2 12 1 42
31 4 11 1 42
31 4 12 1 42
31 5 11 1 42
31 5 12 1 42
31 6 11 1 42
31 6 12 1 42
35 8 11 1 42
35 8 12 1 42
35 9 11 1 42
35 9 12 1 42
43 11 11 2 42
43 11 12 1 42
43 12 12 2 42
8
0 5 5 2 42
0 5 8 1 42
0 5 11 1 42
0 8 8 2 42
0 8 11 1 42
0 11 11 2 42
2 0 5 1 42
2 0 8 1 42
2 0 11 1 42
3 1 5 1 42
3 1 8 1 42
3 1 11 1 42
3 2 5 1 42
3 2 8 1 42
3 2 11 1 42
3 3 5 1 42
3 3 8 1 42
3 3 11 1 42
3 4 5 1 42
3 4 8 1 42
3 4 11 1 42
6 5 5 2 42
6 6 8 1 42
6 6 11 1 42
6 7 8 1 42
6 7 11 1 42
7 0 0 2 42
8 0 0 2 42
9 0 1 1 42
9 0 2 1 42
9 0 3 1 42
9 0 4 1 42
10 1 1 2 42
10 1 2 1 42
10 1 3 1 42
10 1 4 1 42
10 2 2 2 42
10 2 3 1 42
10 2 4 1 42
10 3 3 2 42
10 3 4 1 42
10 4 4 2 42
13 5 6 1 42
13 5 7 1 42
13 8 8 2 42
13 9 11 1 42
13 10 11 1 42
16 0 6 1 42
16 0 7 1 42
17 1 6 1 42
17 1 7 1 42
17 2 6 1 42
17 2 7 1 42
17 3 6 1 42
17 3 7 1 42
17 4 6 1 42
17 4 7 1 42
21 6 6 2 42
21 6 7 1 42
21 7 7 2 42
28 5 9 1 42
28 5 10 1 42
28 8 9 1 42
28 8 10 1 42
28 11 11 2 42
31 0 9 1 42
31 0 10 1 42
32 1 9 1 42
32 1 10 1 42
32 2 9 1 42
32 2 10 1 42
32 3 9 1 42
32 3 10 1 42
32 4 9 1 42
32 4 10 1 42
36 6 9 1 42
36 6 10 1 42
36 7 9 1 42
36 7 10 1 42
44 9 9 2 42
44 9 10 1 42
44 10 10 2 42
9
4 1 10 1 42
4 1 13 1 42
4 2 10 1 42
4 2 13 1 42
5 4 10 1 42
5 4 13 1 42
5 5 10 1 42
5 5 13 1 42
7 7 10 1 42
7 7 13 1 42
7 8 10 1 42
7 8 13 1 42
7 9 10 1 42
7 9 13 1 42
11 0 0 2 42
11 1 3 1 42
11 1 6 1 42
11 2 3 1 42
11 2 6 1 42
12 0 1 1 42
12 0 2 1 42
12 3 3 2 42
12 4 6 1 42
12 5 6 1 42
13 1 1 2 42
13 1 2 1 42
13 2 2 2 42
14 0 4 1 42
14 0 5 1 42
14 3 4 1 42
14 3 5 1 42
14 6 6 2 42
14 10 10 2 42
14 11 13 1 42
14 12 13 1 42
15 1 4 1 42
15 1 5 1 42
15 2 4 1 42
15 2 5 1 42
16 4 4 2 42
16 4 5 1 42
16 5 5 2 42
18 0 7 1 42
18 0 8 1 42
18 0 9 1 42
18 3 7 1 42
18 3 8 1 42
18 3 9 1 42
18 6 7 1 42
18 6 8 1 42
18 6 9 1 42
19 1 7 1 42
19 1 8 1 42
19 1 9 1 42
19 2 7 1 42
19 2 8 1 42
19 2 9 1 42
20 4 7 1 42
20 4 8 1 42
20 4 9 1 42
20 5 7 1 42
20 5 8 1 42
20 5 9 1 42
22 7 7 2 42
22 7 8 1 42
22 7 9 1 42
22 8 8 2 42
22 8 9 1 42
22 9 9 2 42
29 10 11 1 42
29 10 12 1 42
29 13 13 2 42
33 0 11 1 42
33 0 12 1 42
33 3 11 1 42
33 3 12 1 42
33 6 11 1 42
33 6 12 1 42
34 1 11 1 42
34 1 12 1 42
34 2 11 1 42
34 2 12 1 42
35 4 11 1 42
35 4 12 1 42
35 5 11 1 42
35 5 12 1 42
37 7 11 1 42
37 7 12 1 42
37 8 11 1 42
37 8 12 1 42
37 9 11 1 42
37 9 12 1 42
45 11 11 2 42
45 11 12 1 42
45 12 12 2 42
10
1 8 8 2 42
1 8 11 1 42
1 11 11 2 42
4 4 8 1 42
4 4 11 1 42
5 0 8 1 42
5 0 11 1 42
6 1 8 1 42
6 1 11 1 42
6 2 8 1 42
6 2 11 1 42
6 3 8 1 42
6 3 11 1 42
8 5 8 1 42
8 5 11 1 42
8 6 8 1 42
8 6 11 1 42
8 7 8 1 42
8 7 11 1 42
11 4 4 2 42
12 0 4 1 42
13 1 4 1 42
13 2 4 1 42
13 3 4 1 42
14 0 0 2 42
15 0 0 2 42
15 4 4 2 42
15 8 8 2 42
15 9 11 1 42
15 10 11 1 42
16 0 1 1 42
16 0 2 1 42
16 0 3 1 42
17 1 1 2 42
17 1 2 1 42
17 1 3 1 42
17 2 2 2 42
17 2 3 1 42
17 3 3 2 42
19 4 5 1 42
19 4 6 1 42
19 4 7 1 42
20 0 5 1 42
20 0 6 1 42
20 0 7 1 42
21 1 5 1 42
21 1 6 1 42
21 1 7 1 42
21 2 5 1 42
21 2 6 1 42
21 2 7 1 42
21 3 5 1 42
21 3 6 1 42
21 3 7 1 42
23 5 5 2 42
23 5 6 1 42
23 5 7 1 42
23 6 6 2 42
23 6 7 1 42
23 7 7 2 42
30 8 9 1 42
30 8 10 1 42
30 11 11 2 42
34 4 9 1 42
34 4 10 1 42
35 0 9 1 42
35 0 10 1 42
36 1 9 1 42
36 1 10 1 42
36 2 9 1 42
36 2 10 1 42
36 3 9 1 42
36 3 10 1 42
38 5 9 1 42
38 5 10 1 42
38 6 9 1 42
38 6 10 1 42
38 7 9 1 42
38 7 10 1 42
46 9 9 2 42
46 9 10 1 42
46 10 10 2 42
11
2 8 8 2 42
2 8 11 1 42
2 11 11 2 42
7 0 8 1 42
7 0 11 1 42
7 3 8 1 42
7 3 11 1 42
8 1 8 1 42
8 1 11 1 42
8 2 8 1 42
8 2 11 1 42
9 4 8 1 42
9 4 11 1 42
9 5 8 1 42
9 5 11 1 42
9 6 8 1 42
9 6 11 1 42
9 7 8 1 42
9 7 11 1 42
16 8 8 2 42
16 9 11 1 42
16 10 11 1 42
18 0 0 2 42
18 0 3 1 42
18 3 3 2 42
19 0 0 2 42
19 1 3 1 42
19 2 3 1 42
20 0 1 1 42
20 0 2 1 42
20 3 3 2 42
21 1 1 2 42
21 1 2 1 42
21 2 2 2 42
22 0 4 1 42
22 0 5 1 42
22 0 6 1 42
22 0 7 1 42
22 3 4 1 42
22 3 5 1 42
22 3 6 1 42
22 3 7 1 42
23 1 4 1 42
23 1 5 1 42
23 1 6 1 42
23 1 7 1 42
23 2 4 1 42
23 2 5 1 42
23 2 6 1 42
23 2 7 1 42
24 4 4 2 42
24 4 5 1 42
24 4 6 1 42
24 4 7 1 42
24 5 5 2 42
24 5 6 1 42
24 5 7 1 42
24 6 6 2 42
24 6 7 1 42
24 7 7 2 42
31 8 9 1 42
31 8 10 1 42
31 11 11 2 42
37 0 9 1 42
37 0 10 1 42
37 3 9 1 42
37 3 10 1 42
38 1 9 1 42
38 1 10 1 42
38 2 9 1 42
38 2 10 1 42
39 4 9 1 42
39 4 10 1 42
39 5 9 1 42
39 5 10 1 42
39 6 9 1 42
39 6 10 1 42
39 7 9 1 42
39 7 10 1 42
47 9 9 2 42
47 9 10 1 42
47 10 10 2 42
12
3 6 6 2 42
3 6 9 1 42
3 9 9 2 42
9 0 6 1 42
9 0 9 1 42
10 1 6 1 42
10 1 9 1 42
10 2 6 1 42
10 2 9 1 42
10 3 6 1 42
10 3 9 1 42
10 4 6 1 42
10 4 9 1 42
10 5 6 1 42
10 5 9 1 42
17 6 6 2 42
17 7 9 1 42
17 8 9 1 42
22 0 0 2 42
23 0 0 2 42
24 0 1 1 42
24 0 2 1 42
24 0 3 1 42
24 0 4 1 42
24 0 5 1 42
25 1 1 2 42
25 1 2 1 42
25 1 3 1 42
25 1 4 1 42
25 1 5 1 42
25 2 2 2 42
25 2 3 1 42
25 2 4 1 42
25 2 5 1 42
25 3 3 2 42
25 3 4 1 42
25 3 5 1 42
25 4 4 2 42
25 4 5 1 42
25 5 5 2 42
32 6 7 1 42
32 6 8 1 42
32 9 9 2 42
39 0 7 1 42
39 0 8 1 42
40 1 7 1 42
40 1 8 1 42
40 2 7 1 42
40 2 8 1 42
40 3 7 1 42
40 3 8 1 42
40 4 7 1 42
40 4 8 1 42
40 5 7 1 42
40 5 8 1 42
48 7 7 2 42
48 7 8 1 42
48 8 8 2 42
13
11 1 13 1 42
11 2 13 1 42
12 4 13 1 42
12 5 13 1 42
14 7 13 1 42
14 8 13 1 42
18 10 13 1 42
18 11 13 1 42
18 12 13 1 42
26 0 0 2 42
26 1 3 1 42
26 1 6 1 42
26 1 9 1 42
26 2 3 1 42
26 2 6 1 42
26 2 9 1 42
27 0 1 1 42
27 0 2 1 42
27 3 3 2 42
27 4 6 1 42
27 4 9 1 42
27 5 6 1 42
27 5 9 1 42
28 1 1 2 42
28 1 2 1 42
28 2 2 2 42
29 0 4 1 42
29 0 5 1 42
29 3 4 1 42
29 3 5 1 42
29 6 6 2 42
29 7 9 1 42
29 8 9 1 42
30 1 4 1 42
30 1 5 1 42
30 2 4 1 42
30 2 5 1 42
31 4 4 2 42
31 4 5 1 42
31 5 5 2 42
33 0 7 1 42
33 0 8 1 42
33 3 7 1 42
33 3 8 1 42
33 6 7 1 42
33 6 8 1 42
33 9 9 2 42
33 13 13 2 42
34 1 7 1 42
34 1 8 1 42
34 2 7 1 42
34 2 8 1 42
35 4 7 1 42
35 4 8 1 42
35 5 7 1 42
35 5 8 1 42
37 7 7 2 42
37 7 8 1 42
37 8 8 2 42
41 0 10 1 42
41 0 11 1 42
41 0 12 1 42
41 3 10 1 42
41 3 11 1 42
41 3 12 1 42
41 6 10 1 42
41 6 11 1 42
41 6 12 1 42
41 9 10 1 42
41 9 11 1 42
41 9 12 1 42
42 1 10 1 42
42 1 11 1 42
42 1 12 1 42
42 2 10 1 42
42 2 11 1 42
42 2 12 1 42
43 4 10 1 42
43 4 11 1 42
43 4 12 1 42
43 5 10 1 42
43 5 11 1 42
43 5 12 1 42
45 7 10 1 42
45 7 11 1 42
45 7 12 1 42
45 8 10 1 42
45 8 11 1 42
45 8 12 1 42
49 10 10 2 42
49 10 11 1 42
49 10 12 1 42
49 11 11 2 42
49 11 12 1 42
49 12 12 2 42
14
4 11 11 2 42
11 4 11 1 42
11 7 11 1 42
12 0 11 1 42
13 1 11 1 42
13 2 11 1 42
13 3 11 1 42
15 5 11 1 42
15 6 11 1 42
19 8 11 1 42
19 9 11 1 42
19 10 11 1 42
26 4 4 2 42
26 4 7 1 42
26 7 7 2 42
27 0 4 1 42
27 0 7 1 42
28 1 4 1 42
28 1 7 1 42
28 2 4 1 42
28 2 7 1 42
28 3 4 1 42
28 3 7 1 42
29 0 0 2 42
30 0 0 2 42
30 4 4 2 42
30 5 7 1 42
30 6 7 1 42
31 0 1 1 42
31 0 2 1 42
31 0 3 1 42
32 1 1 2 42
32 1 2 1 42
32 1 3 1 42
32 2 2 2 42
32 2 3 1 42
32 3 3 2 42
34 4 5 1 42
34 4 6 1 42
34 7 7 2 42
34 11 11 2 42
35 0 5 1 42
35 0 6 1 42
36 1 5 1 42
36 1 6 1 42
36 2 5 1 42
36 2 6 1 42
36 3 5 1 42
36 3 6 1 42
38 5 5 2 42
38 5 6 1 42
38 6 6 2 42
42 4 8 1 42
42 4 9 1 42
42 4 10 1 42
42 7 8 1 42
42 7 9 1 42
42 7 10 1 42
43 0 8 1 42
43 0 9 1 42
43 0 10 1 42
44 1 8 1 42
44 1 9 1 42
44 1 10 1 42
44 2 8 1 42
44 2 9 1 42
44 2 10 1 42
44 3 8 1 42
44 3 9 1 42
44 3 10 1 42
46 5 8 1 42
46 5 9 1 42
46 5 10 1 42
46 6 8 1 42
46 6 9 1 42
46 6 10 1 42
50 8 8 2 42
50 8 9 1 42
50 8 10 1 42
50 9 9 2 42
50 9 10 1 42
50 10 10 2 42
15
5 11 11 2 42
12 7 11 1 42
14 0 11 1 42
14 3 11 1 42
15 1 11 1 42
15 2 11 1 42
16 4 11 1 42
16 5 11 1 42
16 6 11 1 42
20 8 11 1 42
20 9 11 1 42
20 10 11 1 42
27 7 7 2 42
29 0 7 1 42
29 3 7 1 42
30 1 7 1 42
30 2 7 1 42
31 4 7 1 42
31 5 7 1 42
31 6 7 1 42
33 0 0 2 42
33 0 3 1 42
33 3 3 2 42
34 0 0 2 42
34 1 3 1 42
34 2 3 1 42
35 0 1 1 42
35 0 2 1 42
35 3 3 2 42
35 7 7 2 42
35 11 11 2 42
36 1 1 2 42
36 1 2 1 42
36 2 2 2 42
37 0 4 1 42
37 0 5 1 42
37 0 6 1 42
37 3 4 1 42
37 3 5 1 42
37 3 6 1 42
38 1 4 1 42
38 1 5 1 42
38 1 6 1 42
38 2 4 1 42
38 2 5 1 42
38 2 6 1 42
39 4 4 2 42
39 4 5 1 42
39 4 6 1 42
39 5 5 2 42
39 5 6 1 42
39 6 6 2 42
43 7 8 1 42
43 7 9 1 42
43 7 10 1 42
45 0 8 1 42
45 0 9 1 42
45 0 10 1 42
45 3 8 1 42
45 3 9 1 42
45 3 10 1 42
46 1 8 1 42
46 1 9 1 42
46 1 10 1 42
46 2 8 1 42
46 2 9 1 42
46 2 10 1 42
47 4 8 1 42
47 4 9 1 42
47 4 10 1 42
47 5 8 1 42
47 5 9 1 42
47 5 10 1 42
47 6 8 1 42
47 6 9 1 42
47 6 10 1 42
51 8 8 2 42
51 8 9 1 42
51 8 10 1 42
51 9 9 2 42
51 9 10 1 42
51 10 10 2 42
16
6 9 9 2 42
13 5 9 1 42
16 0 9 1 42
17 1 9 1 42
17 2 9 1 42
17 3 9 1 42
17 4 9 1 42
21 6 9 1 42
21 7 9 1 42
21 8 9 1 42
28 5 5 2 42
31 0 5 1 42
32 1 5 1 42
32 2 5 1 42
32 3 5 1 42
32 4 5 1 42
36 5 5 2 42
36 9 9 2 42
37 0 0 2 42
38 0 0 2 42
39 0 1 1 42
39 0 2 1 42
39 0 3 1 42
39 0 4 1 42
40 1 1 2 42
40 1 2 1 42
40 1 3 1 42
40 1 4 1 42
40 2 2 2 42
40 2 3 1 42
40 2 4 1 42
40 3 3 2 42
40 3 4 1 42
40 4 4 2 42
44 5 6 1 42
44 5 7 1 42
44 5 8 1 42
47 0 6 1 42
47 0 7 1 42
47 0 8 1 42
48 1 6 1 42
48 1 7 1 42
48 1 8 1 42
48 2 6 1 42
48 2 7 1 42
48 2 8 1 42
48 3 6 1 42
48 3 7 1 42
48 3 8 1 42
48 4 6 1 42
48 4 7 1 42
48 4 8 1 42
52 6 6 2 42
52 6 7 1 42
52 6 8 1 42
52 7 7 2 42
52 7 8 1 42
52 8 8 2 42
17
7 11 11 2 42
18 0 11 1 42
18 3 11 1 42
18 6 11 1 42
19 1 11 1 42
19 2 11 1 42
20 4 11 1 42
20 5 11 1 42
22 7 11 1 42
22 8 11 1 42
22 9 11 1 42
22 10 11 1 42
37 11 11 2 42
41 0 0 2 42
41 0 3 1 42
41 0 6 1 42
41 3 3 2 42
41 3 6 1 42
41 6 6 2 42
42 0 0 2 42
42 1 3 1 42
42 1 6 1 42
42 2 3 1 42
42 2 6 1 42
43 0 1 1 42
43 0 2 1 42
43 3 3 2 42
43 4 6 1 42
43 5 6 1 42
44 1 1 2 42
44 1 2 1 42
44 2 2 2 42
45 0 4 1 42
45 0 5 1 42
45 3 4 1 42
45 3 5 1 42
45 6 6 2 42
46 1 4 1 42
46 1 5 1 42
46 2 4 1 42
46 2 5 1 42
47 4 4 2 42
47 4 5 1 42
47 5 5 2 42
49 0 7 1 42
49 0 8 1 42
49 0 9 1 42
49 0 10 1 42
49 3 7 1 42
49 3 8 1 42
49 3 9 1 42
49 3 10 1 42
49 6 7 1 42
49 6 8 1 42
49 6 9 1 42
49 6 10 1 42
50 1 7 1 42
50 1 8 1 42
50 1 9 1 42
50 1 10 1 42
50 2 7 1 42
50 2 8 1 42
50 2 9 1 42
50 2 10 1 42
51 4 7 1 42
51 4 8 1 42
51 4 9 1 42
51 4 10 1 42
51 5 7 1 42
51 5 8 1 42
51 5 9 1 42
51 5 10 1 42
53 7 7 2 42
53 7 8 1 42
53 7 9 1 42
53 7 10 1 42
53 8 8 2 42
53 8 9 1 42
53 8 10 1 42
53 9 9 2 42
53 9 10 1 42
53 10 10 2 42
18
8 9 9 2 42
19 4 9 1 42
20 0 9 1 42
21 1 9 1 42
21 2 9 1 42
21 3 9 1 42
23 5 9 1 42
23 6 9 1 42
23 7 9 1 42
23 8 9 1 42
38 9 9 2 42
42 4 4 2 42
43 0 4 1 42
44 1 4 1 42
44 2 4 1 42
44 3 4 1 42
45 0 0 2 42
46 0 0 2 42
46 4 4 2 42
47 0 1 1 42
47 0 2 1 42
47 0 3 1 42
48 1 1 2 42
48 1 2 1 42
48 1 3 1 42
48 2 2 2 42
48 2 3 1 42
48 3 3 2 42
50 4 5 1 42
50 4 6 1 42
50 4 7 1 42
50 4 8 1 42
51 0 5 1 42
51 0 6 1 42
51 0 7 1 42
51 0 8 1 42
52 1 5 1 42
52 1 6 1 42
52 1 7 1 42
52 1 8 1 42
52 2 5 1 42
52 2 6 1 42
52 2 7 1 42
52 2 8 1 42
52 3 5 1 42
52 3 6 1 42
52 3 7 1 42
52 3 8 1 42
54 5 5 2 42
54 5 6 1 42
54 5 7 1 42
54 5 8 1 42
54 6 6 2 42
54 6 7 1 42
54 6 8 1 42
54 7 7 2 42
54 7 8 1 42
54 8 8 2 42
19
9 9 9 2 42
22 0 9 1 42
22 3 9 1 42
23 1 9 1 42
23 2 9 1 42
24 4 9 1 42
24 5 9 1 42
24 6 9 1 42
24 7 9 1 42
24 8 9 1 42
39 9 9 2 42
49 0 0 2 42
49 0 3 1 42
49 3 3 2 42
50 0 0 2 42
50 1 3 1 42
50 2 3 1 42
51 0 1 1 42
51 0 2 1 42
51 3 3 2 42
52 1 1 2 42
52 1 2 1 42
52 2 2 2 42
53 0 4 1 42
53 0 5 1 42
53 0 6 1 42
53 0 7 1 42
53 0 8 1 42
53 3 4 1 42
53 3 5 1 42
53 3 6 1 42
53 3 7 1 42
53 3 8 1 42
54 1 4 1 42
54 1 5 1 42
54 1 6 1 42
54 1 7 1 42
54 1 8 1 42
54 2 4 1 42
54 2 5 1 42
54 2 6 1 42
54 2 7 1 42
54 2 8 1 42
55 4 4 2 42
55 4 5 1 42
55 4 6 1 42
55 4 7 1 42
55 4 8 1 42
55 5 5 2 42
55 5 6 1 42
55 5 7 1 42
55 5 8 1 42
55 6 6 2 42
55 6 7 1 42
55 6 8 1 42
55 7 7 2 42
55 7 8 1 42
55 8 8 2 42
20
10 7 7 2 42
24 0 7 1 42
25 1 7 1 42
25 2 7 1 42
25 3 7 1 42
25 4 7 1 42
25 5 7 1 42
25 6 7 1 42
40 7 7 2 42
53 0 0 2 42
54 0 0 2 42
55 0 1 1 42
55 0 2 1 42
55 0 3 1 42
55 0 4 1 42
55 0 5 1 42
55 0 6 1 42
56 1 1 2 42
56 1 2 1 42
56 1 3 1 42
56 1 4 1 42
56 1 5 1 42
56 1 6 1 42
56 2 2 2 42
56 2 3 1 42
56 2 4 1 42
56 2 5 1 42
56 2 6 1 42
56 3 3 2 42
56 3 4 1 42
56 3 5 1 42
56 3 6 1 42
56 4 4 2 42
56 4 5 1 42
56 4 6 1 42
56 5 5 2 42
56 5 6 1 42
56 6 6 2 42
