0
0 0 0 20 20
1 0 0 12 20
1 0 1 4 20
2 0 0 12 20
2 0 1 3 20
2 0 2 1 20
3 0 1 9 20
3 0 3 1 20
4 0 0 12 20
4 0 1 2 20
4 0 2 2 20
5 0 0 8 20
5 0 1 2 20
5 0 2 2 20
5 1 1 4 20
6 0 1 6 20
6 0 2 3 20
6 0 3 1 20
7 0 3 4 20
7 1 1 12 20
8 0 0 12 20
8 0 1 1 20
8 0 2 3 20
9 0 0 8 20
9 0 1 2 20
9 0 2 2 20
9 1 1 2 20
9 1 2 1 20
10 0 0 8 20
10 0 1 2 20
10 0 2 2 20
10 1 2 2 20
11 0 1 6 20
11 1 2 3 20
11 1 3 1 20
12 0 1 3 20
12 0 2 6 20
12 0 3 1 20
13 0 2 6 20
13 1 1 6 20
13 1 3 1 20
14 0 3 4 20
14 1 2 6 20
15 1 3 10 20
16 0 0 12 20
16 0 2 4 20
17 0 0 8 20
17 0 1 2 20
17 0 2 2 20
17 1 2 2 20
18 0 0 8 20
18 0 1 2 20
18 0 2 2 20
18 1 2 1 20
18 2 2 2 20
19 0 1 6 20
19 1 2 3 20
19 2 3 1 20
20 0 0 8 20
20 0 1 2 20
20 0 2 2 20
20 2 2 4 20
21 0 0 8 20
21 1 1 4 20
21 1 2 2 20
21 2 2 4 20
22 0 1 6 20
22 2 2 6 20
22 2 3 1 20
23 1 1 12 20
23 2 3 4 20
24 0 2 9 20
24 0 3 1 20
25 0 2 6 20
25 1 2 3 20
25 1 3 1 20
26 0 2 6 20
26 1 2 3 20
26 2 3 1 20
27 1 2 9 20
27 3 3 2 20
28 0 3 4 20
28 2 2 12 20
29 1 3 4 20
29 2 2 12 20
30 2 3 10 20
31 3 3 20 20
1
0 0 0 6 90
0 0 3 3 90
0 0 8 1 90
0 0 13 3 90
0 0 18 1 90
0 0 21 1 90
0 3 3 4 90
0 3 8 3 90
0 3 13 2 90
0 3 18 2 90
0 3 21 1 90
0 8 8 6 90
0 8 13 1 90
0 8 18 3 90
0 8 21 1 90
0 13 13 4 90
0 13 18 2 90
0 13 21 3 90
0 18 18 4 90
0 18 21 3 90
0 21 21 6 90
1 0 0 4 90
1 0 3 2 90
1 0 13 2 90
1 0 22 1 90
1 3 3 4 90
1 3 13 2 90
1 3 22 1 90
1 4 8 3 90
1 4 18 2 90
1 4 21 1 90
1 7 8 3 90
1 7 18 2 90
1 7 21 1 90
1 8 14 1 90
1 8 17 1 90
1 8 22 1 90
1 13 13 4 90
1 13 22 1 90
1 14 18 2 90
1 14 21 3 90
1 17 18 2 90
1 17 21 3 90
1 18 22 1 90
1 21 22 1 90
2 0 0 4 90
2 0 3 2 90
2 0 13 2 90
2 0 22 1 90
2 1 8 1 90
2 1 18 1 90
2 1 21 1 90
2 2 8 1 90
2 2 18 1 90
2 2 21 1 90
2 3 4 2 90
2 3 7 2 90
2 3 14 1 90
2 3 17 1 90
2 3 22 1 90
2 4 13 1 90
2 7 13 1 90
2 8 8 4 90
2 8 18 2 90
2 8 26 1 90
2 13 14 2 90
2 13 17 2 90
2 13 22 1 90
2 18 18 4 90
2 18 26 1 90
2 19 21 3 90
2 20 21 3 90
2 21 26 1 90
3 0 22 3 90
3 3 22 3 90
3 4 4 4 90
3 4 7 2 90
3 4 14 2 90
3 4 17 1 90
3 7 7 4 90
3 7 14 1 90
3 7 17 2 90
3 8 23 1 90
3 8 24 1 90
3 8 25 1 90
3 13 22 3 90
3 14 14 4 90
3 14 17 2 90
3 17 17 4 90
3 18 23 1 90
3 18 24 1 90
3 18 25 1 90
3 21 23 1 90
3 21 24 1 90
3 21 25 1 90
4 0 0 4 90
4 0 4 1 90
4 0 7 1 90
4 0 14 1 90
4 0 17 1 90
4 0 22 1 90
4 1 3 2 90
4 1 13 2 90
4 2 3 2 90
4 2 13 2 90
4 3 8 2 90
4 3 18 2 90
4 3 26 1 90
4 5 21 1 90
4 8 8 4 90
4 8 18 2 90
4 8 26 1 90
4 10 21 1 90
4 11 21 1 90
4 13 19 2 90
4 13 20 2 90
4 13 26 1 90
4 16 21 1 90
4 18 19 2 90
4 18 20 2 90
4 18 26 1 90
4 21 21 4 90
4 21 30 1 90
5 0 0 4 90
5 1 3 2 90
5 1 13 2 90
5 2 3 2 90
5 2 13 2 90
5 4 8 2 90
5 4 18 2 90
5 4 22 1 90
5 4 26 1 90
5 6 21 1 90
5 7 8 2 90
5 7 18 2 90
5 7 22 1 90
5 7 26 1 90
5 9 21 1 90
5 12 21 1 90
5 14 19 2 90
5 14 20 2 90
5 14 22 1 90
5 14 26 1 90
5 15 21 1 90
5 17 19 2 90
5 17 20 2 90
5 17 22 1 90
5 17 26 1 90
5 22 22 2 90
6 0 22 3 90
6 1 4 2 90
6 1 7 1 90
6 1 14 2 90
6 1 17 1 90
6 2 4 1 90
6 2 7 2 90
6 2 14 1 90
6 2 17 2 90
6 3 23 1 90
6 3 24 1 90
6 3 25 1 90
6 8 26 3 90
6 13 23 1 90
6 13 24 1 90
6 13 25 1 90
6 18 26 3 90
6 19 19 4 90
6 19 20 2 90
6 20 20 4 90
6 21 27 1 90
6 21 28 1 90
6 21 29 1 90
7 4 23 3 90
7 4 24 2 90
7 4 25 1 90
7 7 23 1 90
7 7 24 2 90
7 7 25 3 90
7 14 23 3 90
7 14 24 2 90
7 14 25 1 90
7 17 23 1 90
7 17 24 2 90
7 17 25 3 90
7 22 22 6 90
8 0 1 3 90
8 0 2 3 90
8 0 19 1 90
8 0 20 1 90
8 0 26 1 90
8 3 3 4 90
8 3 8 2 90
8 3 19 1 90
8 3 20 1 90
8 3 26 1 90
8 5 13 2 90
8 5 18 1 90
8 8 8 4 90
8 8 19 1 90
8 8 20 1 90
8 8 26 1 90
8 10 13 1 90
8 10 18 2 90
8 11 13 2 90
8 11 18 1 90
8 13 16 1 90
8 13 21 2 90
8 13 30 1 90
8 16 18 2 90
8 18 21 2 90
8 18 30 1 90
8 21 21 4 90
8 21 30 1 90
9 0 1 2 90
9 0 2 2 90
9 1 22 1 90
9 2 22 1 90
9 3 3 4 90
9 4 8 2 90
9 4 19 1 90
9 4 20 1 90
9 4 26 1 90
9 5 13 2 90
9 6 18 1 90
9 7 8 2 90
9 7 19 1 90
9 7 20 1 90
9 7 26 1 90
9 9 18 1 90
9 10 14 1 90
9 10 17 1 90
9 11 13 2 90
9 12 18 1 90
9 14 16 1 90
9 14 21 2 90
9 14 30 1 90
9 15 18 1 90
9 16 17 1 90
9 17 21 2 90
9 17 30 1 90
9 19 22 1 90
9 20 22 1 90
9 22 26 1 90
10 0 1 2 90
10 0 2 2 90
10 1 19 1 90
10 1 20 1 90
10 1 22 1 90
10 1 26 1 90
10 2 19 1 90
10 2 20 1 90
10 2 22 1 90
10 2 26 1 90
10 3 4 2 90
10 3 7 2 90
10 5 14 1 90
10 5 17 1 90
10 6 13 1 90
10 8 8 4 90
10 9 13 1 90
10 10 18 2 90
10 11 14 1 90
10 11 17 1 90
10 12 13 1 90
10 13 15 1 90
10 16 18 2 90
10 19 21 2 90
10 19 26 1 90
10 19 30 1 90
10 20 21 2 90
10 20 26 1 90
10 20 30 1 90
10 26 26 2 90
11 1 22 3 90
11 2 22 3 90
11 4 4 4 90
11 4 7 2 90
11 6 14 2 90
11 6 17 1 90
11 7 7 4 90
11 9 14 1 90
11 9 17 2 90
11 12 14 2 90
11 12 17 1 90
11 14 15 1 90
11 15 17 2 90
11 19 23 1 90
11 19 24 1 90
11 19 25 1 90
11 20 23 1 90
11 20 24 1 90
11 20 25 1 90
11 23 26 1 90
11 24 26 1 90
11 25 26 1 90
12 0 23 1 90
12 0 24 1 90
12 0 25 1 90
12 1 1 4 90
12 1 2 2 90
12 2 2 4 90
12 3 26 3 90
12 5 19 2 90
12 5 20 1 90
12 8 26 3 90
12 10 19 2 90
12 10 20 1 90
12 11 19 1 90
12 11 20 2 90
12 13 27 1 90
12 13 28 1 90
12 13 29 1 90
12 16 19 1 90
12 16 20 2 90
12 18 27 1 90
12 18 28 1 90
12 18 29 1 90
12 21 30 3 90
13 1 1 4 90
13 1 2 2 90
13 2 2 4 90
13 4 26 3 90
13 6 19 2 90
13 6 20 1 90
13 7 26 3 90
13 9 19 2 90
13 9 20 1 90
13 12 19 1 90
13 12 20 2 90
13 14 27 1 90
13 14 28 1 90
13 14 29 1 90
13 15 19 1 90
13 15 20 2 90
13 17 27 1 90
13 17 28 1 90
13 17 29 1 90
13 22 23 1 90
13 22 24 1 90
13 22 25 1 90
14 1 23 3 90
14 1 24 2 90
14 1 25 1 90
14 2 23 1 90
14 2 24 2 90
14 2 25 3 90
14 19 27 3 90
14 19 28 2 90
14 19 29 1 90
14 20 27 1 90
14 20 28 2 90
14 20 29 3 90
14 26 26 6 90
15 23 23 6 90
15 23 24 3 90
15 23 25 1 90
15 24 24 4 90
15 24 25 3 90
15 25 25 6 90
16 0 5 3 90
16 0 10 1 90
16 0 11 3 90
16 0 16 1 90
16 0 30 1 90
16 3 5 2 90
16 3 10 2 90
16 3 11 2 90
16 3 16 2 90
16 3 30 1 90
16 5 8 1 90
16 8 10 3 90
16 8 11 1 90
16 8 16 3 90
16 8 30 1 90
16 13 13 4 90
16 13 18 2 90
16 13 21 2 90
16 13 30 1 90
16 18 18 4 90
16 18 21 2 90
16 18 30 1 90
16 21 21 4 90
16 21 30 1 90
17 0 5 2 90
17 0 11 2 90
17 3 5 2 90
17 3 11 2 90
17 4 10 2 90
17 4 16 2 90
17 4 30 1 90
17 5 22 1 90
17 6 8 1 90
17 7 10 2 90
17 7 16 2 90
17 7 30 1 90
17 8 9 1 90
17 8 12 1 90
17 8 15 1 90
17 10 22 1 90
17 11 22 1 90
17 13 13 4 90
17 14 18 2 90
17 14 21 2 90
17 14 30 1 90
17 16 22 1 90
17 17 18 2 90
17 17 21 2 90
17 17 30 1 90
17 22 30 1 90
18 0 5 2 90
18 0 11 2 90
18 1 10 1 90
18 1 16 1 90
18 1 30 1 90
18 2 10 1 90
18 2 16 1 90
18 2 30 1 90
18 3 6 1 90
18 3 9 1 90
18 3 12 1 90
18 3 15 1 90
18 4 5 1 90
18 4 11 1 90
18 5 7 1 90
18 5 22 1 90
18 7 11 1 90
18 8 10 2 90
18 8 16 2 90
18 10 26 1 90
18 11 22 1 90
18 13 14 2 90
18 13 17 2 90
18 16 26 1 90
18 18 18 4 90
18 19 21 2 90
18 19 30 1 90
18 20 21 2 90
18 20 30 1 90
18 26 30 1 90
19 4 6 2 90
19 4 9 1 90
19 4 12 2 90
19 4 15 1 90
19 5 22 3 90
19 6 7 1 90
19 7 9 2 90
19 7 12 1 90
19 7 15 2 90
19 10 23 1 90
19 10 24 1 90
19 10 25 1 90
19 11 22 3 90
19 14 14 4 90
19 14 17 2 90
19 16 23 1 90
19 16 24 1 90
19 16 25 1 90
19 17 17 4 90
19 23 30 1 90
19 24 30 1 90
19 25 30 1 90
20 0 6 1 90
20 0 9 1 90
20 0 12 1 90
20 0 15 1 90
20 1 5 2 90
20 1 11 2 90
20 2 5 2 90
20 2 11 2 90
20 3 10 2 90
20 3 16 2 90
20 5 26 1 90
20 5 30 1 90
20 8 10 2 90
20 8 16 2 90
20 10 26 1 90
20 10 30 1 90
20 11 26 1 90
20 11 30 1 90
20 13 19 2 90
20 13 20 2 90
20 16 26 1 90
20 16 30 1 90
20 18 19 2 90
20 18 20 2 90
20 21 21 4 90
20 30 30 2 90
21 1 5 2 90
21 1 11 2 90
21 2 5 2 90
21 2 11 2 90
21 4 10 2 90
21 4 16 2 90
21 6 22 1 90
21 6 26 1 90
21 6 30 1 90
21 7 10 2 90
21 7 16 2 90
21 9 22 1 90
21 9 26 1 90
21 9 30 1 90
21 12 22 1 90
21 12 26 1 90
21 12 30 1 90
21 14 19 2 90
21 14 20 2 90
21 15 22 1 90
21 15 26 1 90
21 15 30 1 90
21 17 19 2 90
21 17 20 2 90
22 1 6 2 90
22 1 9 1 90
22 1 12 2 90
22 1 15 1 90
22 2 6 1 90
22 2 9 2 90
22 2 12 1 90
22 2 15 2 90
22 5 23 1 90
22 5 24 1 90
22 5 25 1 90
22 10 26 3 90
22 11 23 1 90
22 11 24 1 90
22 11 25 1 90
22 16 26 3 90
22 19 19 4 90
22 19 20 2 90
22 20 20 4 90
22 27 30 1 90
22 28 30 1 90
22 29 30 1 90
23 6 23 3 90
23 6 24 2 90
23 6 25 1 90
23 9 23 1 90
23 9 24 2 90
23 9 25 3 90
23 12 23 3 90
23 12 24 2 90
23 12 25 1 90
23 15 23 1 90
23 15 24 2 90
23 15 25 3 90
24 0 27 1 90
24 0 28 1 90
24 0 29 1 90
24 3 27 1 90
24 3 28 1 90
24 3 29 1 90
24 5 5 4 90
24 5 10 2 90
24 5 11 2 90
24 5 16 1 90
24 8 27 1 90
24 8 28 1 90
24 8 29 1 90
24 10 10 4 90
24 10 11 1 90
24 10 16 2 90
24 11 11 4 90
24 11 16 2 90
24 13 30 3 90
24 16 16 4 90
24 18 30 3 90
24 21 30 3 90
25 4 27 1 90
25 4 28 1 90
25 4 29 1 90
25 5 5 4 90
25 5 11 2 90
25 6 10 2 90
25 6 16 1 90
25 7 27 1 90
25 7 28 1 90
25 7 29 1 90
25 9 10 2 90
25 9 16 1 90
25 10 12 1 90
25 10 15 1 90
25 11 11 4 90
25 12 16 2 90
25 14 30 3 90
25 15 16 2 90
25 17 30 3 90
25 22 27 1 90
25 22 28 1 90
25 22 29 1 90
26 1 27 1 90
26 1 28 1 90
26 1 29 1 90
26 2 27 1 90
26 2 28 1 90
26 2 29 1 90
26 5 6 2 90
26 5 9 2 90
26 5 12 1 90
26 5 15 1 90
26 6 11 1 90
26 9 11 1 90
26 10 10 4 90
26 10 16 2 90
26 11 12 2 90
26 11 15 2 90
26 16 16 4 90
26 19 30 3 90
26 20 30 3 90
26 26 27 1 90
26 26 28 1 90
26 26 29 1 90
27 6 6 4 90
27 6 9 2 90
27 6 12 2 90
27 6 15 1 90
27 9 9 4 90
27 9 12 1 90
27 9 15 2 90
27 12 12 4 90
27 12 15 2 90
27 15 15 4 90
27 23 27 1 90
27 23 28 1 90
27 23 29 1 90
27 24 27 1 90
27 24 28 1 90
27 24 29 1 90
27 25 27 1 90
27 25 28 1 90
27 25 29 1 90
28 5 27 3 90
28 5 28 2 90
28 5 29 1 90
28 10 27 3 90
28 10 28 2 90
28 10 29 1 90
28 11 27 1 90
28 11 28 2 90
28 11 29 3 90
28 16 27 1 90
28 16 28 2 90
28 16 29 3 90
28 30 30 6 90
29 6 27 3 90
29 6 28 2 90
29 6 29 1 90
29 9 27 3 90
29 9 28 2 90
29 9 29 1 90
29 12 27 1 90
29 12 28 2 90
29 12 29 3 90
29 15 27 1 90
29 15 28 2 90
29 15 29 3 90
30 27 27 6 90
30 27 28 3 90
30 27 29 1 90
30 28 28 4 90
30 28 29 3 90
30 29 29 6 90
2
1 8 8 6 90
2 4 8 3 90
3 5 8 3 90
3 6 8 3 90
3 7 8 3 90
4 0 8 1 90
4 4 4 4 90
5 4 4 4 90
5 8 8 4 90
5 8 9 1 90
5 8 16 1 90
6 1 8 1 90
6 2 8 1 90
6 3 8 1 90
6 4 5 2 90
6 4 6 2 90
6 4 7 2 90
7 5 5 4 90
7 5 6 2 90
7 5 7 2 90
7 6 6 4 90
7 6 7 2 90
7 7 7 4 90
7 8 10 1 90
7 8 11 1 90
7 8 12 1 90
7 8 13 1 90
7 8 14 1 90
7 8 15 1 90
8 0 4 3 90
9 0 4 2 90
9 4 9 1 90
9 8 8 4 90
9 8 16 1 90
10 0 4 2 90
10 4 8 2 90
10 4 9 1 90
10 4 16 1 90
11 4 9 3 90
11 5 8 2 90
11 5 16 1 90
11 6 8 2 90
11 6 16 1 90
11 7 8 2 90
11 7 16 1 90
12 0 5 1 90
12 0 6 1 90
12 0 7 1 90
12 1 4 2 90
12 2 4 2 90
12 3 4 2 90
13 1 4 2 90
13 2 4 2 90
13 3 4 2 90
13 5 9 1 90
13 6 9 1 90
13 7 9 1 90
13 8 16 3 90
14 1 5 2 90
14 1 6 1 90
14 1 7 1 90
14 2 5 1 90
14 2 6 2 90
14 2 7 1 90
14 3 5 1 90
14 3 6 1 90
14 3 7 2 90
14 4 10 1 90
14 4 11 1 90
14 4 12 1 90
14 4 13 1 90
14 4 14 1 90
14 4 15 1 90
15 5 10 3 90
15 5 11 2 90
15 5 12 1 90
15 5 13 2 90
15 5 14 1 90
15 5 15 1 90
15 6 10 1 90
15 6 11 2 90
15 6 12 3 90
15 6 13 1 90
15 6 14 2 90
15 6 15 1 90
15 7 10 1 90
15 7 11 1 90
15 7 12 1 90
15 7 13 2 90
15 7 14 2 90
15 7 15 3 90
16 0 0 6 90
17 0 0 4 90
17 0 9 1 90
17 8 8 4 90
17 8 16 1 90
18 0 0 4 90
18 0 9 1 90
18 4 8 2 90
18 4 16 1 90
19 0 9 3 90
19 5 8 2 90
19 5 16 1 90
19 6 8 2 90
19 6 16 1 90
19 7 8 2 90
19 7 16 1 90
20 0 0 4 90
20 0 9 1 90
20 0 16 1 90
20 4 4 4 90
21 0 0 4 90
21 4 4 4 90
21 8 8 4 90
21 9 9 2 90
21 9 16 1 90
21 16 16 2 90
22 0 9 3 90
22 1 16 1 90
22 2 16 1 90
22 3 16 1 90
22 4 5 2 90
22 4 6 2 90
22 4 7 2 90
23 5 5 4 90
23 5 6 2 90
23 5 7 2 90
23 6 6 4 90
23 6 7 2 90
23 7 7 4 90
23 9 9 6 90
23 10 16 1 90
23 11 16 1 90
23 12 16 1 90
23 13 16 1 90
23 14 16 1 90
23 15 16 1 90
24 0 1 3 90
24 0 2 3 90
24 0 3 3 90
25 0 1 2 90
25 0 2 2 90
25 0 3 2 90
25 1 9 1 90
25 2 9 1 90
25 3 9 1 90
25 8 16 3 90
26 0 1 2 90
26 0 2 2 90
26 0 3 2 90
26 1 9 1 90
26 2 9 1 90
26 3 9 1 90
26 4 16 3 90
27 1 9 3 90
27 2 9 3 90
27 3 9 3 90
27 5 16 3 90
27 6 16 3 90
27 7 16 3 90
28 0 10 1 90
28 0 11 1 90
28 0 12 1 90
28 0 13 1 90
28 0 14 1 90
28 0 15 1 90
28 1 1 4 90
28 1 2 2 90
28 1 3 2 90
28 2 2 4 90
28 2 3 2 90
28 3 3 4 90
29 1 1 4 90
29 1 2 2 90
29 1 3 2 90
29 2 2 4 90
29 2 3 2 90
29 3 3 4 90
29 9 10 1 90
29 9 11 1 90
29 9 12 1 90
29 9 13 1 90
29 9 14 1 90
29 9 15 1 90
29 16 16 6 90
30 1 10 3 90
30 1 11 2 90
30 1 12 1 90
30 1 13 2 90
30 1 14 1 90
30 1 15 1 90
30 2 10 1 90
30 2 11 2 90
30 2 12 3 90
30 2 13 1 90
30 2 14 2 90
30 2 15 1 90
30 3 10 1 90
30 3 11 1 90
30 3 12 1 90
30 3 13 2 90
30 3 14 2 90
30 3 15 3 90
31 10 10 6 90
31 10 11 3 90
31 10 12 1 90
31 10 13 3 90
31 10 14 1 90
31 10 15 1 90
31 11 11 4 90
31 11 12 3 90
31 11 13 2 90
31 11 14 2 90
31 11 15 1 90
31 12 12 6 90
31 12 13 1 90
31 12 14 3 90
31 12 15 1 90
31 13 13 4 90
31 13 14 2 90
31 13 15 3 90
31 14 14 4 90
31 14 15 3 90
31 15 15 6 90
3
0 0 0 2 30
0 0 3 1 30
0 0 6 1 30
0 0 9 1 30
0 0 12 1 30
0 3 3 2 30
0 3 6 1 30
0 3 9 1 30
0 3 12 1 30
0 6 6 2 30
0 6 9 1 30
0 6 12 1 30
0 9 9 2 30
0 9 12 1 30
0 12 12 2 30
1 0 0 2 30
1 1 3 1 30
1 1 6 1 30
1 1 9 1 30
1 1 12 1 30
1 2 3 1 30
1 2 6 1 30
1 2 9 1 30
1 2 12 1 30
2 0 1 1 30
2 0 2 1 30
2 3 3 2 30
2 4 6 1 30
2 4 9 1 30
2 4 12 1 30
2 5 6 1 30
2 5 9 1 30
2 5 12 1 30
3 1 1 2 30
3 1 2 1 30
3 2 2 2 30
4 0 4 1 30
4 0 5 1 30
4 3 4 1 30
4 3 5 1 30
4 6 6 2 30
4 7 9 1 30
4 7 12 1 30
4 8 9 1 30
4 8 12 1 30
5 1 4 1 30
5 1 5 1 30
5 2 4 1 30
5 2 5 1 30
6 4 4 2 30
6 4 5 1 30
6 5 5 2 30
8 0 7 1 30
8 0 8 1 30
8 3 7 1 30
8 3 8 1 30
8 6 7 1 30
8 6 8 1 30
8 9 9 2 30
8 10 12 1 30
8 11 12 1 30
9 1 7 1 30
9 1 8 1 30
9 2 7 1 30
9 2 8 1 30
10 4 7 1 30
10 4 8 1 30
10 5 7 1 30
10 5 8 1 30
12 7 7 2 30
12 7 8 1 30
12 8 8 2 30
16 0 10 1 30
16 0 11 1 30
16 3 10 1 30
16 3 11 1 30
16 6 10 1 30
16 6 11 1 30
16 9 10 1 30
16 9 11 1 30
16 12 12 2 30
17 1 10 1 30
17 1 11 1 30
17 2 10 1 30
17 2 11 1 30
18 4 10 1 30
18 4 11 1 30
18 5 10 1 30
18 5 11 1 30
20 7 10 1 30
20 7 11 1 30
20 8 10 1 30
20 8 11 1 30
24 10 10 2 30
24 10 11 1 30
24 11 11 2 30
4
1 4 4 2 30
1 4 7 1 30
1 4 10 1 30
1 7 7 2 30
1 7 10 1 30
1 10 10 2 30
2 0 4 1 30
2 0 7 1 30
2 0 10 1 30
3 1 4 1 30
3 1 7 1 30
3 1 10 1 30
3 2 4 1 30
3 2 7 1 30
3 2 10 1 30
3 3 4 1 30
3 3 7 1 30
3 3 10 1 30
4 0 0 2 30
5 0 0 2 30
5 4 4 2 30
5 5 7 1 30
5 5 10 1 30
5 6 7 1 30
5 6 10 1 30
6 0 1 1 30
6 0 2 1 30
6 0 3 1 30
7 1 1 2 30
7 1 2 1 30
7 1 3 1 30
7 2 2 2 30
7 2 3 1 30
7 3 3 2 30
9 4 5 1 30
9 4 6 1 30
9 7 7 2 30
9 8 10 1 30
9 9 10 1 30
10 0 5 1 30
10 0 6 1 30
11 1 5 1 30
11 1 6 1 30
11 2 5 1 30
11 2 6 1 30
11 3 5 1 30
11 3 6 1 30
13 5 5 2 30
13 5 6 1 30
13 6 6 2 30
17 4 8 1 30
17 4 9 1 30
17 7 8 1 30
17 7 9 1 30
17 10 10 2 30
18 0 8 1 30
18 0 9 1 30
19 1 8 1 30
19 1 9 1 30
19 2 8 1 30
19 2 9 1 30
19 3 8 1 30
19 3 9 1 30
21 5 8 1 30
21 5 9 1 30
21 6 8 1 30
21 6 9 1 30
25 8 8 2 30
25 8 9 1 30
25 9 9 2 30
5
2 7 7 2 30
2 7 10 1 30
2 10 10 2 30
4 0 7 1 30
4 0 10 1 30
4 3 7 1 30
4 3 10 1 30
5 1 7 1 30
5 1 10 1 30
5 2 7 1 30
5 2 10 1 30
6 4 7 1 30
6 4 10 1 30
6 5 7 1 30
6 5 10 1 30
6 6 7 1 30
6 6 10 1 30
8 0 0 2 30
8 0 3 1 30
8 3 3 2 30
9 0 0 2 30
9 1 3 1 30
9 2 3 1 30
10 0 1 1 30
10 0 2 1 30
10 3 3 2 30
10 7 7 2 30
10 8 10 1 30
10 9 10 1 30
11 1 1 2 30
11 1 2 1 30
11 2 2 2 30
12 0 4 1 30
12 0 5 1 30
12 0 6 1 30
12 3 4 1 30
12 3 5 1 30
12 3 6 1 30
13 1 4 1 30
13 1 5 1 30
13 1 6 1 30
13 2 4 1 30
13 2 5 1 30
13 2 6 1 30
14 4 4 2 30
14 4 5 1 30
14 4 6 1 30
14 5 5 2 30
14 5 6 1 30
14 6 6 2 30
18 7 8 1 30
18 7 9 1 30
18 10 10 2 30
20 0 8 1 30
20 0 9 1 30
20 3 8 1 30
20 3 9 1 30
21 1 8 1 30
21 1 9 1 30
21 2 8 1 30
21 2 9 1 30
22 4 8 1 30
22 4 9 1 30
22 5 8 1 30
22 5 9 1 30
22 6 8 1 30
22 6 9 1 30
26 8 8 2 30
26 8 9 1 30
26 9 9 2 30
6
3 5 5 2 30
3 5 8 1 30
3 8 8 2 30
6 0 5 1 30
6 0 8 1 30
7 1 5 1 30
7 1 8 1 30
7 2 5 1 30
7 2 8 1 30
7 3 5 1 30
7 3 8 1 30
7 4 5 1 30
7 4 8 1 30
11 5 5 2 30
11 6 8 1 30
11 7 8 1 30
12 0 0 2 30
13 0 0 2 30
14 0 1 1 30
14 0 2 1 30
14 0 3 1 30
14 0 4 1 30
15 1 1 2 30
15 1 2 1 30
15 1 3 1 30
15 1 4 1 30
15 2 2 2 30
15 2 3 1 30
15 2 4 1 30
15 3 3 2 30
15 3 4 1 30
15 4 4 2 30
19 5 6 1 30
19 5 7 1 30
19 8 8 2 30
22 0 6 1 30
22 0 7 1 30
23 1 6 1 30
23 1 7 1 30
23 2 6 1 30
23 2 7 1 30
23 3 6 1 30
23 3 7 1 30
23 4 6 1 30
23 4 7 1 30
27 6 6 2 30
27 6 7 1 30
27 7 7 2 30
7
4 10 10 2 30
8 0 10 1 30
8 3 10 1 30
8 6 10 1 30
9 1 10 1 30
9 2 10 1 30
10 4 10 1 30
10 5 10 1 30
12 7 10 1 30
12 8 10 1 30
12 9 10 1 30
16 0 0 2 30
16 0 3 1 30
16 0 6 1 30
16 3 3 2 30
16 3 6 1 30
16 6 6 2 30
17 0 0 2 30
17 1 3 1 30
17 1 6 1 30
17 2 3 1 30
17 2 6 1 30
18 0 1 1 30
18 0 2 1 30
18 3 3 2 30
18 4 6 1 30
18 5 6 1 30
19 1 1 2 30
19 1 2 1 30
19 2 2 2 30
20 0 4 1 30
20 0 5 1 30
20 3 4 1 30
20 3 5 1 30
20 6 6 2 30
20 10 10 2 30
21 1 4 1 30
21 1 5 1 30
21 2 4 1 30
21 2 5 1 30
22 4 4 2 30
22 4 5 1 30
22 5 5 2 30
24 0 7 1 30
24 0 8 1 30
24 0 9 1 30
24 3 7 1 30
24 3 8 1 30
24 3 9 1 30
24 6 7 1 30
24 6 8 1 30
24 6 9 1 30
25 1 7 1 30
25 1 8 1 30
25 1 9 1 30
25 2 7 1 30
25 2 8 1 30
25 2 9 1 30
26 4 7 1 30
26 4 8 1 30
26 4 9 1 30
26 5 7 1 30
26 5 8 1 30
26 5 9 1 30
28 7 7 2 30
28 7 8 1 30
28 7 9 1 30
28 8 8 2 30
28 8 9 1 30
28 9 9 2 30
8
5 8 8 2 30
9 4 8 1 30
10 0 8 1 30
11 1 8 1 30
11 2 8 1 30
11 3 8 1 30
13 5 8 1 30
13 6 8 1 30
13 7 8 1 30
17 4 4 2 30
18 0 4 1 30
19 1 4 1 30
19 2 4 1 30
19 3 4 1 30
20 0 0 2 30
21 0 0 2 30
21 4 4 2 30
21 8 8 2 30
22 0 1 1 30
22 0 2 1 30
22 0 3 1 30
23 1 1 2 30
23 1 2 1 30
23 1 3 1 30
23 2 2 2 30
23 2 3 1 30
23 3 3 2 30
25 4 5 1 30
25 4 6 1 30
25 4 7 1 30
26 0 5 1 30
26 0 6 1 30
26 0 7 1 30
27 1 5 1 30
27 1 6 1 30
27 1 7 1 30
27 2 5 1 30
27 2 6 1 30
27 2 7 1 30
27 3 5 1 30
27 3 6 1 30
27 3 7 1 30
29 5 5 2 30
29 5 6 1 30
29 5 7 1 30
29 6 6 2 30
29 6 7 1 30
29 7 7 2 30
9
6 8 8 2 30
12 0 8 1 30
12 3 8 1 30
13 1 8 1 30
13 2 8 1 30
14 4 8 1 30
14 5 8 1 30
14 6 8 1 30
14 7 8 1 30
22 8 8 2 30
24 0 0 2 30
24 0 3 1 30
24 3 3 2 30
25 0 0 2 30
25 1 3 1 30
25 2 3 1 30
26 0 1 1 30
26 0 2 1 30
26 3 3 2 30
27 1 1 2 30
27 1 2 1 30
27 2 2 2 30
28 0 4 1 30
28 0 5 1 30
28 0 6 1 30
28 0 7 1 30
28 3 4 1 30
28 3 5 1 30
28 3 6 1 30
28 3 7 1 30
29 1 4 1 30
29 1 5 1 30
29 1 6 1 30
29 1 7 1 30
29 2 4 1 30
29 2 5 1 30
29 2 6 1 30
29 2 7 1 30
30 4 4 2 30
30 4 5 1 30
30 4 6 1 30
30 4 7 1 30
30 5 5 2 30
30 5 6 1 30
30 5 7 1 30
30 6 6 2 30
30 6 7 1 30
30 7 7 2 30
10
7 6 6 2 30
14 0 6 1 30
15 1 6 1 30
15 2 6 1 30
15 3 6 1 30
15 4 6 1 30
15 5 6 1 30
23 6 6 2 30
28 0 0 2 30
29 0 0 2 30
30 0 1 1 30
30 0 2 1 30
30 0 3 1 30
30 0 4 1 30
30 0 5 1 30
31 1 1 2 30
31 1 2 1 30
31 1 3 1 30
31 1 4 1 30
31 1 5 1 30
31 2 2 2 30
31 2 3 1 30
31 2 4 1 30
31 2 5 1 30
31 3 3 2 30
31 3 4 1 30
31 3 5 1 30
31 4 4 2 30
31 4 5 1 30
31 5 5 2 30
