0
0 0 26 4 140
0 3 26 4 140
0 6 26 4 140
0 7 14 9 140
0 7 15 6 140
0 7 16 3 140
0 8 14 3 140
0 8 15 6 140
0 8 16 9 140
0 9 27 1 140
0 9 28 1 140
0 9 29 1 140
0 9 30 1 140
0 10 10 12 140
0 10 13 6 140
0 13 13 12 140
1 0 10 6 140
1 3 10 6 140
1 4 13 6 140
1 5 13 6 140
1 6 11 3 140
1 6 12 3 140
1 7 7 8 140
1 7 8 4 140
1 7 23 2 140
1 7 24 1 140
1 7 26 1 140
1 8 8 8 140
1 8 23 1 140
1 8 24 2 140
1 8 26 1 140
1 9 14 2 140
1 9 15 2 140
1 9 16 2 140
1 10 18 3 140
1 10 26 1 140
1 13 18 3 140
1 13 26 1 140
1 14 17 2 140
1 15 17 2 140
1 16 17 2 140
2 0 18 6 140
2 3 18 6 140
2 4 4 8 140
2 4 5 4 140
2 5 5 8 140
2 6 19 2 140
2 6 20 2 140
2 6 21 2 140
2 7 11 2 140
2 7 12 1 140
2 7 17 6 140
2 7 31 1 140
2 8 11 1 140
2 8 12 2 140
2 8 17 6 140
2 8 31 1 140
2 9 23 3 140
2 9 24 3 140
2 10 10 6 140
2 10 13 3 140
2 10 26 1 140
2 13 14 2 140
2 13 15 2 140
2 13 16 2 140
2 13 26 1 140
3 0 26 4 140
3 3 26 4 140
3 4 14 6 140
3 4 15 4 140
3 4 16 2 140
3 5 14 2 140
3 5 15 4 140
3 5 16 6 140
3 6 27 1 140
3 6 28 1 140
3 6 29 1 140
3 6 30 1 140
3 7 19 3 140
3 7 20 2 140
3 7 21 1 140
3 8 19 1 140
3 8 20 2 140
3 8 21 3 140
3 9 31 4 140
3 10 18 6 140
3 13 18 6 140
3 17 17 12 140
4 7 27 4 140
4 7 28 3 140
4 7 29 2 140
4 7 30 1 140
4 8 27 1 140
4 8 28 2 140
4 8 29 3 140
4 8 30 4 140
4 10 26 10 140
4 13 26 10 140
4 14 14 12 140
4 14 15 6 140
4 14 16 2 140
4 15 15 8 140
4 15 16 6 140
4 16 16 12 140
5 0 10 6 140
5 1 13 3 140
5 2 13 3 140
5 3 11 3 140
5 3 12 3 140
5 4 10 3 140
5 4 26 1 140
5 5 10 3 140
5 5 26 1 140
5 6 13 6 140
5 7 7 8 140
5 7 8 4 140
5 7 23 2 140
5 7 24 1 140
5 8 8 8 140
5 8 23 1 140
5 8 24 2 140
5 9 14 2 140
5 9 15 2 140
5 9 16 2 140
5 10 18 3 140
5 13 22 3 140
5 14 17 1 140
5 14 25 1 140
5 15 17 1 140
5 15 25 1 140
5 16 17 1 140
5 16 25 1 140
5 17 26 1 140
5 18 26 1 140
6 0 0 8 140
6 1 3 4 140
6 2 3 4 140
6 4 6 4 140
6 4 10 2 140
6 4 18 2 140
6 4 22 2 140
6 5 6 4 140
6 5 10 2 140
6 5 18 2 140
6 5 22 2 140
6 7 9 4 140
6 7 13 2 140
6 7 17 2 140
6 7 25 2 140
6 8 9 4 140
6 8 13 2 140
6 8 17 2 140
6 8 25 2 140
6 10 10 4 140
6 10 18 2 140
6 11 13 2 140
6 11 17 1 140
6 12 13 2 140
6 12 17 1 140
6 13 23 1 140
6 13 24 1 140
6 17 23 2 140
6 17 24 2 140
6 18 18 4 140
7 0 10 6 140
7 1 13 3 140
7 2 13 3 140
7 3 11 3 140
7 3 12 3 140
7 4 7 4 140
7 4 8 2 140
7 4 18 3 140
7 4 23 2 140
7 4 24 1 140
7 4 26 1 140
7 5 7 2 140
7 5 8 4 140
7 5 18 3 140
7 5 23 1 140
7 5 24 2 140
7 5 26 1 140
7 6 14 2 140
7 6 15 2 140
7 6 16 2 140
7 9 17 6 140
7 14 22 1 140
7 15 22 1 140
7 16 22 1 140
7 17 19 1 140
7 17 20 1 140
7 17 21 1 140
7 17 25 3 140
7 17 31 1 140
7 18 18 6 140
7 18 26 1 140
8 4 26 4 140
8 5 26 4 140
8 7 14 6 140
8 7 15 4 140
8 7 16 2 140
8 8 14 2 140
8 8 15 4 140
8 8 16 6 140
8 10 10 12 140
8 11 13 6 140
8 12 13 6 140
8 14 23 3 140
8 14 24 1 140
8 15 23 2 140
8 15 24 2 140
8 16 23 1 140
8 16 24 3 140
8 17 27 1 140
8 17 28 1 140
8 17 29 1 140
8 17 30 1 140
8 18 26 4 140
9 0 18 6 140
9 1 4 4 140
9 1 5 2 140
9 2 4 2 140
9 2 5 4 140
9 3 19 2 140
9 3 20 2 140
9 3 21 2 140
9 4 11 2 140
9 4 12 1 140
9 5 11 1 140
9 5 12 2 140
9 6 22 6 140
9 7 17 3 140
9 7 25 3 140
9 7 31 1 140
9 8 17 3 140
9 8 25 3 140
9 8 31 1 140
9 9 23 3 140
9 9 24 3 140
9 10 14 1 140
9 10 15 1 140
9 10 16 1 140
9 10 18 3 140
9 10 26 1 140
9 13 17 3 140
9 13 19 1 140
9 13 20 1 140
9 13 21 1 140
9 13 31 1 140
10 0 18 6 140
10 1 4 4 140
10 1 5 2 140
10 2 4 2 140
10 2 5 4 140
10 3 19 2 140
10 3 20 2 140
10 3 21 2 140
10 4 11 2 140
10 4 12 1 140
10 4 17 3 140
10 4 31 1 140
10 5 11 1 140
10 5 12 2 140
10 5 17 3 140
10 5 31 1 140
10 6 23 3 140
10 6 24 3 140
10 7 22 3 140
10 8 22 3 140
10 9 25 6 140
10 10 18 3 140
10 13 19 1 140
10 13 20 1 140
10 13 21 1 140
10 14 18 1 140
10 15 18 1 140
10 16 18 1 140
10 17 17 6 140
10 17 31 1 140
10 18 26 1 140
11 4 11 6 140
11 4 12 3 140
11 5 11 3 140
11 5 12 6 140
11 7 23 6 140
11 7 24 3 140
11 8 23 3 140
11 8 24 6 140
11 10 18 9 140
11 13 19 3 140
11 13 20 3 140
11 13 21 3 140
11 14 17 3 140
11 14 26 1 140
11 14 31 1 140
11 15 17 3 140
11 15 26 1 140
11 15 31 1 140
11 16 17 3 140
11 16 26 1 140
11 16 31 1 140
11 26 26 2 140
12 0 26 4 140
12 1 14 3 140
12 1 15 2 140
12 1 16 1 140
12 2 14 1 140
12 2 15 2 140
12 2 16 3 140
12 3 27 1 140
12 3 28 1 140
12 3 29 1 140
12 3 30 1 140
12 4 19 6 140
12 4 20 4 140
12 4 21 2 140
12 5 19 2 140
12 5 20 4 140
12 5 21 6 140
12 6 31 4 140
12 9 31 4 140
12 17 22 6 140
12 17 25 6 140
12 18 18 12 140
13 4 19 6 140
13 4 20 4 140
13 4 21 2 140
13 5 19 2 140
13 5 20 4 140
13 5 21 6 140
13 7 31 4 140
13 8 31 4 140
13 10 26 4 140
13 11 14 3 140
13 11 15 2 140
13 11 16 1 140
13 12 14 1 140
13 12 15 2 140
13 12 16 3 140
13 13 27 1 140
13 13 28 1 140
13 13 29 1 140
13 13 30 1 140
13 17 23 6 140
13 17 24 6 140
13 18 18 12 140
14 4 27 4 140
14 4 28 3 140
14 4 29 2 140
14 4 30 1 140
14 5 27 1 140
14 5 28 2 140
14 5 29 3 140
14 5 30 4 140
14 14 19 6 140
14 14 20 3 140
14 14 21 1 140
14 15 19 3 140
14 15 20 4 140
14 15 21 3 140
14 16 19 1 140
14 16 20 3 140
14 16 21 6 140
14 17 31 10 140
14 18 26 10 140
15 14 27 10 140
15 14 28 6 140
15 14 29 3 140
15 14 30 1 140
15 15 27 4 140
15 15 28 6 140
15 15 29 6 140
15 15 30 4 140
15 16 27 1 140
15 16 28 3 140
15 16 29 6 140
15 16 30 10 140
15 26 26 20 140
16 0 11 3 140
16 0 12 3 140
16 1 10 6 140
16 1 26 1 140
16 2 10 6 140
16 2 26 1 140
16 3 13 6 140
16 6 13 6 140
16 7 7 8 140
16 7 8 4 140
16 7 23 2 140
16 7 24 1 140
16 8 8 8 140
16 8 23 1 140
16 8 24 2 140
16 9 14 2 140
16 9 15 2 140
16 9 16 2 140
16 10 22 3 140
16 13 22 3 140
16 14 25 2 140
16 15 25 2 140
16 16 25 2 140
16 22 26 1 140
16 25 26 1 140
17 0 1 4 140
17 0 2 4 140
17 1 10 2 140
17 1 18 2 140
17 2 10 2 140
17 2 18 2 140
17 3 3 8 140
17 4 6 4 140
17 4 22 2 140
17 5 6 4 140
17 5 22 2 140
17 7 9 4 140
17 7 13 2 140
17 7 17 2 140
17 7 25 2 140
17 8 9 4 140
17 8 13 2 140
17 8 17 2 140
17 8 25 2 140
17 10 11 2 140
17 10 12 2 140
17 10 22 2 140
17 11 25 1 140
17 12 25 1 140
17 13 13 4 140
17 13 23 1 140
17 13 24 1 140
17 17 23 1 140
17 17 24 1 140
17 18 22 2 140
17 23 25 1 140
17 24 25 1 140
18 0 11 3 140
18 0 12 3 140
18 1 10 3 140
18 1 18 3 140
18 1 26 1 140
18 2 10 3 140
18 2 18 3 140
18 2 26 1 140
18 3 13 6 140
18 4 7 4 140
18 4 8 2 140
18 4 23 2 140
18 4 24 1 140
18 5 7 2 140
18 5 8 4 140
18 5 23 1 140
18 5 24 2 140
18 6 14 2 140
18 6 15 2 140
18 6 16 2 140
18 9 17 6 140
18 14 22 1 140
18 15 22 1 140
18 16 22 1 140
18 17 25 3 140
18 18 22 3 140
18 19 25 1 140
18 20 25 1 140
18 21 25 1 140
18 22 26 1 140
18 25 31 1 140
19 1 26 4 140
19 2 26 4 140
19 7 14 6 140
19 7 15 4 140
19 7 16 2 140
19 8 14 2 140
19 8 15 4 140
19 8 16 6 140
19 10 11 6 140
19 10 12 6 140
19 13 13 12 140
19 14 23 3 140
19 14 24 1 140
19 15 23 2 140
19 15 24 2 140
19 16 23 1 140
19 16 24 3 140
19 22 26 4 140
19 25 27 1 140
19 25 28 1 140
19 25 29 1 140
19 25 30 1 140
20 0 1 4 140
20 0 2 4 140
20 1 10 2 140
20 1 18 2 140
20 1 22 2 140
20 2 10 2 140
20 2 18 2 140
20 2 22 2 140
20 3 4 4 140
20 3 5 4 140
20 4 13 2 140
20 5 13 2 140
20 6 6 8 140
20 7 9 4 140
20 7 17 2 140
20 7 25 2 140
20 8 9 4 140
20 8 17 2 140
20 8 25 2 140
20 10 11 1 140
20 10 12 1 140
20 10 23 1 140
20 10 24 1 140
20 11 18 1 140
20 11 22 1 140
20 12 18 1 140
20 12 22 1 140
20 13 17 2 140
20 13 25 2 140
20 22 22 4 140
20 23 25 2 140
20 24 25 2 140
21 0 1 4 140
21 0 2 4 140
21 1 10 2 140
21 1 18 2 140
21 1 22 2 140
21 2 10 2 140
21 2 18 2 140
21 2 22 2 140
21 3 4 4 140
21 3 5 4 140
21 4 13 2 140
21 4 17 2 140
21 4 25 2 140
21 5 13 2 140
21 5 17 2 140
21 5 25 2 140
21 6 7 4 140
21 6 8 4 140
21 9 9 8 140
21 11 18 2 140
21 11 22 1 140
21 12 18 2 140
21 12 22 1 140
21 17 17 4 140
21 17 25 2 140
21 18 23 1 140
21 18 24 1 140
21 22 23 2 140
21 22 24 2 140
21 25 25 4 140
22 1 10 6 140
22 2 10 6 140
22 4 13 6 140
22 5 13 6 140
22 7 7 8 140
22 7 8 4 140
22 8 8 8 140
22 11 18 3 140
22 11 22 3 140
22 11 26 1 140
22 12 18 3 140
22 12 22 3 140
22 12 26 1 140
22 14 17 2 140
22 14 25 2 140
22 15 17 2 140
22 15 25 2 140
22 16 17 2 140
22 16 25 2 140
22 23 23 4 140
22 23 24 2 140
22 23 26 1 140
22 24 24 4 140
22 24 26 1 140
23 0 11 3 140
23 0 12 3 140
23 1 18 6 140
23 1 23 2 140
23 1 24 1 140
23 1 26 1 140
23 2 18 6 140
23 2 23 1 140
23 2 24 2 140
23 2 26 1 140
23 3 14 2 140
23 3 15 2 140
23 3 16 2 140
23 4 4 8 140
23 4 5 4 140
23 5 5 8 140
23 6 17 6 140
23 9 17 6 140
23 19 22 2 140
23 20 22 2 140
23 21 22 2 140
23 22 25 3 140
23 22 31 1 140
23 25 25 6 140
23 25 31 1 140
24 1 18 6 140
24 2 18 6 140
24 4 4 8 140
24 4 5 4 140
24 5 5 8 140
24 7 17 6 140
24 8 17 6 140
24 10 11 3 140
24 10 12 3 140
24 11 23 2 140
24 11 24 1 140
24 11 26 1 140
24 12 23 1 140
24 12 24 2 140
24 12 26 1 140
24 13 14 2 140
24 13 15 2 140
24 13 16 2 140
24 19 22 2 140
24 20 22 2 140
24 21 22 2 140
24 23 25 3 140
24 23 31 1 140
24 24 25 3 140
24 24 31 1 140
25 1 26 4 140
25 2 26 4 140
25 4 14 6 140
25 4 15 4 140
25 4 16 2 140
25 5 14 2 140
25 5 15 4 140
25 5 16 6 140
25 11 18 6 140
25 12 18 6 140
25 17 17 12 140
25 19 23 3 140
25 19 24 1 140
25 20 23 2 140
25 20 24 2 140
25 21 23 1 140
25 21 24 3 140
25 22 27 1 140
25 22 28 1 140
25 22 29 1 140
25 22 30 1 140
25 25 31 4 140
26 11 26 10 140
26 12 26 10 140
26 14 14 12 140
26 14 15 6 140
26 14 16 2 140
26 15 15 8 140
26 15 16 6 140
26 16 16 12 140
26 23 27 4 140
26 23 28 3 140
26 23 29 2 140
26 23 30 1 140
26 24 27 1 140
26 24 28 2 140
26 24 29 3 140
26 24 30 4 140
27 0 19 2 140
27 0 20 2 140
27 0 21 2 140
27 1 1 8 140
27 1 2 4 140
27 1 11 2 140
27 1 12 1 140
27 2 2 8 140
27 2 11 1 140
27 2 12 2 140
27 3 22 6 140
27 6 22 6 140
27 7 25 6 140
27 7 31 1 140
27 8 25 6 140
27 8 31 1 140
27 9 23 3 140
27 9 24 3 140
27 10 19 2 140
27 10 20 2 140
27 10 21 2 140
27 10 31 1 140
27 13 22 3 140
27 13 25 3 140
27 13 31 1 140
28 0 19 2 140
28 0 20 2 140
28 0 21 2 140
28 1 1 8 140
28 1 2 4 140
28 1 11 2 140
28 1 12 1 140
28 2 2 8 140
28 2 11 1 140
28 2 12 2 140
28 3 22 6 140
28 4 25 3 140
28 4 31 1 140
28 5 25 3 140
28 5 31 1 140
28 6 23 3 140
28 6 24 3 140
28 7 22 3 140
28 8 22 3 140
28 9 25 6 140
28 10 19 1 140
28 10 20 1 140
28 10 21 1 140
28 13 22 3 140
28 17 25 3 140
28 17 31 1 140
28 18 19 1 140
28 18 20 1 140
28 18 21 1 140
28 18 31 1 140
29 1 11 6 140
29 1 12 3 140
29 2 11 3 140
29 2 12 6 140
29 7 23 6 140
29 7 24 3 140
29 8 23 3 140
29 8 24 6 140
29 10 19 3 140
29 10 20 3 140
29 10 21 3 140
29 13 22 9 140
29 14 25 3 140
29 14 31 1 140
29 15 25 3 140
29 15 31 1 140
29 16 25 3 140
29 16 31 1 140
29 19 26 1 140
29 20 26 1 140
29 21 26 1 140
29 26 31 1 140
30 0 19 2 140
30 0 20 2 140
30 0 21 2 140
30 1 1 8 140
30 1 2 4 140
30 1 11 2 140
30 1 12 1 140
30 1 31 1 140
30 2 2 8 140
30 2 11 1 140
30 2 12 2 140
30 2 31 1 140
30 3 23 3 140
30 3 24 3 140
30 4 22 6 140
30 5 22 6 140
30 6 25 6 140
30 9 25 6 140
30 17 22 3 140
30 17 25 3 140
30 18 19 2 140
30 18 20 2 140
30 18 21 2 140
30 22 31 1 140
30 25 31 1 140
31 1 1 8 140
31 1 2 4 140
31 2 2 8 140
31 4 22 6 140
31 5 22 6 140
31 7 25 6 140
31 8 25 6 140
31 10 19 2 140
31 10 20 2 140
31 10 21 2 140
31 11 11 4 140
31 11 12 2 140
31 11 31 1 140
31 12 12 4 140
31 12 31 1 140
31 13 23 3 140
31 13 24 3 140
31 17 23 3 140
31 17 24 3 140
31 18 19 2 140
31 18 20 2 140
31 18 21 2 140
31 23 31 1 140
31 24 31 1 140
32 1 11 6 140
32 1 12 3 140
32 2 11 3 140
32 2 12 6 140
32 4 23 6 140
32 4 24 3 140
32 5 23 3 140
32 5 24 6 140
32 14 22 3 140
32 15 22 3 140
32 16 22 3 140
32 17 25 9 140
32 18 19 3 140
32 18 20 3 140
32 18 21 3 140
32 19 26 1 140
32 19 31 1 140
32 20 26 1 140
32 20 31 1 140
32 21 26 1 140
32 21 31 1 140
32 31 31 2 140
33 11 11 12 140
33 11 12 6 140
33 12 12 12 140
33 14 23 9 140
33 14 24 3 140
33 15 23 6 140
33 15 24 6 140
33 16 23 3 140
33 16 24 9 140
33 19 26 4 140
33 20 26 4 140
33 21 26 4 140
33 27 31 1 140
33 28 31 1 140
33 29 31 1 140
33 30 31 1 140
34 0 27 1 140
34 0 28 1 140
34 0 29 1 140
34 0 30 1 140
34 1 19 9 140
34 1 20 6 140
34 1 21 3 140
34 2 19 3 140
34 2 20 6 140
34 2 21 9 140
34 3 31 4 140
34 6 31 4 140
34 9 31 4 140
34 22 22 12 140
34 22 25 6 140
34 25 25 12 140
35 1 19 6 140
35 1 20 4 140
35 1 21 2 140
35 2 19 2 140
35 2 20 4 140
35 2 21 6 140
35 7 31 4 140
35 8 31 4 140
35 10 27 1 140
35 10 28 1 140
35 10 29 1 140
35 10 30 1 140
35 11 19 3 140
35 11 20 2 140
35 11 21 1 140
35 12 19 1 140
35 12 20 2 140
35 12 21 3 140
35 13 31 4 140
35 22 22 12 140
35 23 25 6 140
35 24 25 6 140
36 1 19 6 140
36 1 20 4 140
36 1 21 2 140
36 2 19 2 140
36 2 20 4 140
36 2 21 6 140
36 4 31 4 140
36 5 31 4 140
36 11 19 3 140
36 11 20 2 140
36 11 21 1 140
36 12 19 1 140
36 12 20 2 140
36 12 21 3 140
36 17 31 4 140
36 18 27 1 140
36 18 28 1 140
36 18 29 1 140
36 18 30 1 140
36 22 23 6 140
36 22 24 6 140
36 25 25 12 140
37 11 19 9 140
37 11 20 6 140
37 11 21 3 140
37 12 19 3 140
37 12 20 6 140
37 12 21 9 140
37 14 31 4 140
37 15 31 4 140
37 16 31 4 140
37 23 23 12 140
37 23 24 6 140
37 24 24 12 140
37 26 27 1 140
37 26 28 1 140
37 26 29 1 140
37 26 30 1 140
38 1 27 4 140
38 1 28 3 140
38 1 29 2 140
38 1 30 1 140
38 2 27 1 140
38 2 28 2 140
38 2 29 3 140
38 2 30 4 140
38 19 19 12 140
38 19 20 6 140
38 19 21 2 140
38 20 20 8 140
38 20 21 6 140
38 21 21 12 140
38 22 31 10 140
38 25 31 10 140
39 11 27 4 140
39 11 28 3 140
39 11 29 2 140
39 11 30 1 140
39 12 27 1 140
39 12 28 2 140
39 12 29 3 140
39 12 30 4 140
39 19 19 12 140
39 19 20 6 140
39 19 21 2 140
39 20 20 8 140
39 20 21 6 140
39 21 21 12 140
39 23 31 10 140
39 24 31 10 140
40 19 27 10 140
40 19 28 6 140
40 19 29 3 140
40 19 30 1 140
40 20 27 4 140
40 20 28 6 140
40 20 29 6 140
40 20 30 4 140
40 21 27 1 140
40 21 28 3 140
40 21 29 6 140
40 21 30 10 140
40 31 31 20 140
41 27 27 20 140
41 27 28 10 140
41 27 29 4 140
41 27 30 1 140
41 28 28 12 140
41 28 29 9 140
41 28 30 4 140
41 29 29 12 140
41 29 30 10 140
41 30 30 20 140
1
0 2 37 3 210
0 2 38 2 210
0 2 39 1 210
0 5 37 1 210
0 5 38 2 210
0 5 39 3 210
0 10 37 3 210
0 10 38 2 210
0 10 39 1 210
0 15 37 1 210
0 15 38 2 210
0 15 39 3 210
0 25 37 3 210
0 25 38 2 210
0 25 39 1 210
0 29 37 1 210
0 29 38 2 210
0 29 39 3 210
0 36 36 6 210
1 0 36 3 210
1 1 36 3 210
1 2 2 4 210
1 2 5 2 210
1 4 10 2 210
1 4 15 1 210
1 4 25 2 210
1 4 29 1 210
1 5 5 4 210
1 6 10 1 210
1 6 15 2 210
1 6 25 1 210
1 6 29 2 210
1 9 10 2 210
1 9 15 1 210
1 9 25 2 210
1 9 29 1 210
1 10 13 1 210
1 13 15 2 210
1 13 25 1 210
1 13 29 2 210
1 16 37 1 210
1 16 38 1 210
1 16 39 1 210
1 20 37 1 210
1 20 38 1 210
1 20 39 1 210
1 30 37 1 210
1 30 38 1 210
1 30 39 1 210
1 33 37 1 210
1 33 38 1 210
1 33 39 1 210
1 37 40 1 210
1 38 40 1 210
1 39 40 1 210
2 0 0 4 210
2 0 1 2 210
2 1 1 4 210
2 2 40 3 210
2 4 16 2 210
2 4 20 1 210
2 4 30 2 210
2 4 33 1 210
2 5 40 3 210
2 6 16 2 210
2 6 20 1 210
2 6 30 2 210
2 6 33 1 210
2 9 16 1 210
2 9 20 2 210
2 9 30 1 210
2 9 33 2 210
2 10 41 1 210
2 10 42 1 210
2 10 43 1 210
2 13 16 1 210
2 13 20 2 210
2 13 30 1 210
2 13 33 2 210
2 15 41 1 210
2 15 42 1 210
2 15 43 1 210
2 25 41 1 210
2 25 42 1 210
2 25 43 1 210
2 29 41 1 210
2 29 42 1 210
2 29 43 1 210
2 36 37 1 210
2 36 38 1 210
2 36 39 1 210
3 0 37 3 210
3 0 38 2 210
3 0 39 1 210
3 1 37 1 210
3 1 38 2 210
3 1 39 3 210
3 16 41 3 210
3 16 42 2 210
3 16 43 1 210
3 20 41 1 210
3 20 42 2 210
3 20 43 3 210
3 30 41 3 210
3 30 42 2 210
3 30 43 1 210
3 33 41 1 210
3 33 42 2 210
3 33 43 3 210
3 40 40 6 210
4 37 37 6 210
4 37 38 3 210
4 37 39 1 210
4 38 38 4 210
4 38 39 3 210
4 39 39 6 210
5 2 4 2 210
5 2 6 1 210
5 2 9 2 210
5 2 13 1 210
5 3 36 3 210
5 4 5 1 210
5 5 6 2 210
5 5 9 1 210
5 5 13 2 210
5 7 37 1 210
5 7 38 1 210
5 7 39 1 210
5 8 36 3 210
5 10 10 4 210
5 10 15 2 210
5 12 25 2 210
5 12 29 1 210
5 14 37 1 210
5 14 38 1 210
5 14 39 1 210
5 15 15 4 210
5 17 25 1 210
5 17 29 2 210
5 24 25 2 210
5 24 29 1 210
5 25 26 1 210
5 26 29 2 210
5 34 37 1 210
5 34 38 1 210
5 34 39 1 210
5 35 37 1 210
5 35 38 1 210
5 35 39 1 210
5 37 44 1 210
5 38 44 1 210
5 39 44 1 210
6 0 3 2 210
6 0 8 2 210
6 1 3 2 210
6 1 8 2 210
6 2 7 2 210
6 2 14 2 210
6 4 34 1 210
6 4 35 1 210
6 4 36 1 210
6 4 40 1 210
6 4 44 1 210
6 5 7 2 210
6 5 14 2 210
6 6 34 1 210
6 6 35 1 210
6 6 36 1 210
6 6 40 1 210
6 6 44 1 210
6 9 34 1 210
6 9 35 1 210
6 9 36 1 210
6 9 40 1 210
6 9 44 1 210
6 10 16 2 210
6 10 20 2 210
6 12 30 1 210
6 12 33 1 210
6 13 34 1 210
6 13 35 1 210
6 13 36 1 210
6 13 40 1 210
6 13 44 1 210
6 15 16 2 210
6 15 20 2 210
6 17 30 1 210
6 17 33 1 210
6 19 25 1 210
6 19 29 1 210
6 21 25 1 210
6 21 29 1 210
6 24 30 1 210
6 24 33 1 210
6 25 28 1 210
6 25 31 1 210
6 26 30 1 210
6 26 33 1 210
6 28 29 1 210
6 29 31 1 210
7 0 4 2 210
7 0 6 1 210
7 0 9 2 210
7 0 13 1 210
7 1 4 1 210
7 1 6 2 210
7 1 9 1 210
7 1 13 2 210
7 3 37 1 210
7 3 38 1 210
7 3 39 1 210
7 7 40 3 210
7 8 37 1 210
7 8 38 1 210
7 8 39 1 210
7 14 40 3 210
7 16 16 4 210
7 16 20 2 210
7 19 30 2 210
7 19 33 1 210
7 20 20 4 210
7 21 30 1 210
7 21 33 2 210
7 28 30 2 210
7 28 33 1 210
7 30 31 1 210
7 31 33 2 210
7 34 41 1 210
7 34 42 1 210
7 34 43 1 210
7 35 41 1 210
7 35 42 1 210
7 35 43 1 210
7 41 44 1 210
7 42 44 1 210
7 43 44 1 210
8 4 37 3 210
8 4 38 2 210
8 4 39 1 210
8 6 37 1 210
8 6 38 2 210
8 6 39 3 210
8 9 37 3 210
8 9 38 2 210
8 9 39 1 210
8 13 37 1 210
8 13 38 2 210
8 13 39 3 210
9 2 41 1 210
9 2 42 1 210
9 2 43 1 210
9 3 3 4 210
9 3 8 2 210
9 4 7 2 210
9 4 14 1 210
9 5 41 1 210
9 5 42 1 210
9 5 43 1 210
9 6 7 2 210
9 6 14 1 210
9 7 9 1 210
9 7 13 1 210
9 8 8 4 210
9 9 14 2 210
9 10 44 3 210
9 12 34 2 210
9 12 35 1 210
9 13 14 2 210
9 15 44 3 210
9 17 34 2 210
9 17 35 1 210
9 24 34 1 210
9 24 35 2 210
9 25 45 1 210
9 25 46 1 210
9 25 47 1 210
9 26 34 1 210
9 26 35 2 210
9 29 45 1 210
9 29 46 1 210
9 29 47 1 210
9 36 41 1 210
9 36 42 1 210
9 36 43 1 210
10 0 41 1 210
10 0 42 1 210
10 0 43 1 210
10 1 41 1 210
10 1 42 1 210
10 1 43 1 210
10 3 4 2 210
10 3 6 2 210
10 3 9 1 210
10 3 13 1 210
10 4 8 1 210
10 6 8 1 210
10 7 7 4 210
10 7 14 2 210
10 8 9 2 210
10 8 13 2 210
10 14 14 4 210
10 16 44 3 210
10 19 34 2 210
10 19 35 1 210
10 20 44 3 210
10 21 34 2 210
10 21 35 1 210
10 28 34 1 210
10 28 35 2 210
10 30 45 1 210
10 30 46 1 210
10 30 47 1 210
10 31 34 1 210
10 31 35 2 210
10 33 45 1 210
10 33 46 1 210
10 33 47 1 210
10 40 41 1 210
10 40 42 1 210
10 40 43 1 210
11 4 4 4 210
11 4 6 2 210
11 4 9 2 210
11 4 13 1 210
11 6 6 4 210
11 6 9 1 210
11 6 13 2 210
11 9 9 4 210
11 9 13 2 210
11 13 13 4 210
11 37 41 1 210
11 37 42 1 210
11 37 43 1 210
11 38 41 1 210
11 38 42 1 210
11 38 43 1 210
11 39 41 1 210
11 39 42 1 210
11 39 43 1 210
12 3 41 3 210
12 3 42 2 210
12 3 43 1 210
12 7 41 3 210
12 7 42 2 210
12 7 43 1 210
12 8 41 1 210
12 8 42 2 210
12 8 43 3 210
12 14 41 1 210
12 14 42 2 210
12 14 43 3 210
12 34 45 3 210
12 34 46 2 210
12 34 47 1 210
12 35 45 1 210
12 35 46 2 210
12 35 47 3 210
12 44 44 6 210
13 4 41 3 210
13 4 42 2 210
13 4 43 1 210
13 6 41 3 210
13 6 42 2 210
13 6 43 1 210
13 9 41 1 210
13 9 42 2 210
13 9 43 3 210
13 13 41 1 210
13 13 42 2 210
13 13 43 3 210
14 41 41 6 210
14 41 42 3 210
14 41 43 1 210
14 42 42 4 210
14 42 43 3 210
14 43 43 6 210
16 2 12 2 210
16 2 17 1 210
16 2 24 2 210
16 2 26 1 210
16 5 12 1 210
16 5 17 2 210
16 5 24 1 210
16 5 26 2 210
16 10 12 2 210
16 10 17 1 210
16 10 24 2 210
16 10 26 1 210
16 11 36 3 210
16 12 15 1 210
16 15 17 2 210
16 15 24 1 210
16 15 26 2 210
16 18 37 1 210
16 18 38 1 210
16 18 39 1 210
16 22 37 1 210
16 22 38 1 210
16 22 39 1 210
16 23 36 3 210
16 25 25 4 210
16 25 29 2 210
16 27 37 1 210
16 27 38 1 210
16 27 39 1 210
16 29 29 4 210
16 32 37 1 210
16 32 38 1 210
16 32 39 1 210
16 37 48 1 210
16 38 48 1 210
16 39 48 1 210
17 0 11 2 210
17 0 23 2 210
17 1 11 2 210
17 1 23 2 210
17 2 18 2 210
17 2 27 2 210
17 4 22 1 210
17 4 32 1 210
17 4 48 1 210
17 5 18 2 210
17 5 27 2 210
17 6 22 1 210
17 6 32 1 210
17 6 48 1 210
17 9 22 1 210
17 9 32 1 210
17 9 48 1 210
17 10 19 1 210
17 10 21 1 210
17 10 28 1 210
17 10 31 1 210
17 12 16 1 210
17 12 20 1 210
17 12 36 1 210
17 12 40 1 210
17 13 22 1 210
17 13 32 1 210
17 13 48 1 210
17 15 19 1 210
17 15 21 1 210
17 15 28 1 210
17 15 31 1 210
17 16 17 1 210
17 16 24 1 210
17 16 26 1 210
17 17 20 1 210
17 17 36 1 210
17 17 40 1 210
17 20 24 1 210
17 20 26 1 210
17 24 36 1 210
17 24 40 1 210
17 25 30 2 210
17 25 33 2 210
17 26 36 1 210
17 26 40 1 210
17 29 30 2 210
17 29 33 2 210
18 0 12 2 210
18 0 17 1 210
18 0 24 2 210
18 0 26 1 210
18 1 12 1 210
18 1 17 2 210
18 1 24 1 210
18 1 26 2 210
18 11 37 1 210
18 11 38 1 210
18 11 39 1 210
18 16 19 2 210
18 16 21 1 210
18 16 28 2 210
18 16 31 1 210
18 18 40 3 210
18 19 20 1 210
18 20 21 2 210
18 20 28 1 210
18 20 31 2 210
18 22 41 1 210
18 22 42 1 210
18 22 43 1 210
18 23 37 1 210
18 23 38 1 210
18 23 39 1 210
18 27 40 3 210
18 30 30 4 210
18 30 33 2 210
18 32 41 1 210
18 32 42 1 210
18 32 43 1 210
18 33 33 4 210
18 41 48 1 210
18 42 48 1 210
18 43 48 1 210
19 12 37 3 210
19 12 38 2 210
19 12 39 1 210
19 17 37 1 210
19 17 38 2 210
19 17 39 3 210
19 24 37 3 210
19 24 38 2 210
19 24 39 1 210
19 26 37 1 210
19 26 38 2 210
19 26 39 3 210
20 2 19 1 210
20 2 21 1 210
20 2 28 1 210
20 2 31 1 210
20 3 11 2 210
20 3 23 2 210
20 4 18 1 210
20 4 27 1 210
20 5 19 1 210
20 5 21 1 210
20 5 28 1 210
20 5 31 1 210
20 6 18 1 210
20 6 27 1 210
20 7 12 1 210
20 7 17 1 210
20 7 24 1 210
20 7 26 1 210
20 8 11 2 210
20 8 23 2 210
20 9 18 1 210
20 9 27 1 210
20 10 22 2 210
20 10 32 2 210
20 12 14 1 210
20 12 44 1 210
20 12 48 1 210
20 13 18 1 210
20 13 27 1 210
20 14 17 1 210
20 14 24 1 210
20 14 26 1 210
20 15 22 2 210
20 15 32 2 210
20 17 44 1 210
20 17 48 1 210
20 19 36 1 210
20 21 36 1 210
20 24 44 1 210
20 24 48 1 210
20 25 34 2 210
20 25 35 2 210
20 26 44 1 210
20 26 48 1 210
20 28 36 1 210
20 29 34 2 210
20 29 35 2 210
20 31 36 1 210
21 0 19 1 210
21 0 21 1 210
21 0 28 1 210
21 0 31 1 210
21 1 19 1 210
21 1 21 1 210
21 1 28 1 210
21 1 31 1 210
21 3 12 1 210
21 3 17 1 210
21 3 24 1 210
21 3 26 1 210
21 4 11 1 210
21 4 23 1 210
21 6 11 1 210
21 6 23 1 210
21 7 18 2 210
21 7 27 2 210
21 8 12 1 210
21 8 17 1 210
21 8 24 1 210
21 8 26 1 210
21 9 11 1 210
21 9 23 1 210
21 11 13 1 210
21 13 23 1 210
21 14 18 2 210
21 14 27 2 210
21 16 22 2 210
21 16 32 2 210
21 19 40 1 210
21 19 44 1 210
21 19 48 1 210
21 20 22 2 210
21 20 32 2 210
21 21 40 1 210
21 21 44 1 210
21 21 48 1 210
21 28 40 1 210
21 28 44 1 210
21 28 48 1 210
21 30 34 2 210
21 30 35 2 210
21 31 40 1 210
21 31 44 1 210
21 31 48 1 210
21 33 34 2 210
21 33 35 2 210
22 4 12 2 210
22 4 17 1 210
22 4 24 2 210
22 4 26 1 210
22 6 12 1 210
22 6 17 2 210
22 6 24 1 210
22 6 26 2 210
22 9 12 2 210
22 9 17 1 210
22 9 24 2 210
22 9 26 1 210
22 12 13 1 210
22 13 17 2 210
22 13 24 1 210
22 13 26 2 210
22 19 37 1 210
22 19 38 1 210
22 19 39 1 210
22 21 37 1 210
22 21 38 1 210
22 21 39 1 210
22 28 37 1 210
22 28 38 1 210
22 28 39 1 210
22 31 37 1 210
22 31 38 1 210
22 31 39 1 210
23 3 19 2 210
23 3 21 1 210
23 3 28 2 210
23 3 31 1 210
23 7 19 2 210
23 7 21 1 210
23 7 28 2 210
23 7 31 1 210
23 8 19 1 210
23 8 21 2 210
23 8 28 1 210
23 8 31 2 210
23 11 41 1 210
23 11 42 1 210
23 11 43 1 210
23 14 19 1 210
23 14 21 2 210
23 14 28 1 210
23 14 31 2 210
23 18 41 1 210
23 18 42 1 210
23 18 43 1 210
23 22 44 3 210
23 23 41 1 210
23 23 42 1 210
23 23 43 1 210
23 27 41 1 210
23 27 42 1 210
23 27 43 1 210
23 32 44 3 210
23 34 34 4 210
23 34 35 2 210
23 35 35 4 210
23 45 48 1 210
23 46 48 1 210
23 47 48 1 210
24 4 19 2 210
24 4 21 1 210
24 4 28 2 210
24 4 31 1 210
24 6 19 2 210
24 6 21 1 210
24 6 28 2 210
24 6 31 1 210
24 9 19 1 210
24 9 21 2 210
24 9 28 1 210
24 9 31 2 210
24 12 41 1 210
24 12 42 1 210
24 12 43 1 210
24 13 19 1 210
24 13 21 2 210
24 13 28 1 210
24 13 31 2 210
24 17 41 1 210
24 17 42 1 210
24 17 43 1 210
24 24 41 1 210
24 24 42 1 210
24 24 43 1 210
24 26 41 1 210
24 26 42 1 210
24 26 43 1 210
25 19 41 3 210
25 19 42 2 210
25 19 43 1 210
25 21 41 1 210
25 21 42 2 210
25 21 43 3 210
25 28 41 3 210
25 28 42 2 210
25 28 43 1 210
25 31 41 1 210
25 31 42 2 210
25 31 43 3 210
27 2 45 1 210
27 2 46 1 210
27 2 47 1 210
27 5 45 1 210
27 5 46 1 210
27 5 47 1 210
27 10 45 1 210
27 10 46 1 210
27 10 47 1 210
27 11 11 4 210
27 11 23 2 210
27 12 18 2 210
27 12 22 2 210
27 12 27 1 210
27 12 32 1 210
27 15 45 1 210
27 15 46 1 210
27 15 47 1 210
27 17 18 2 210
27 17 22 2 210
27 17 27 1 210
27 17 32 1 210
27 18 24 1 210
27 18 26 1 210
27 22 24 1 210
27 22 26 1 210
27 23 23 4 210
27 24 27 2 210
27 24 32 2 210
27 25 48 3 210
27 26 27 2 210
27 26 32 2 210
27 29 48 3 210
27 36 45 1 210
27 36 46 1 210
27 36 47 1 210
28 0 45 1 210
28 0 46 1 210
28 0 47 1 210
28 1 45 1 210
28 1 46 1 210
28 1 47 1 210
28 11 12 2 210
28 11 17 2 210
28 11 24 1 210
28 11 26 1 210
28 12 23 1 210
28 16 45 1 210
28 16 46 1 210
28 16 47 1 210
28 17 23 1 210
28 18 18 4 210
28 18 27 2 210
28 19 22 2 210
28 19 32 1 210
28 20 45 1 210
28 20 46 1 210
28 20 47 1 210
28 21 22 2 210
28 21 32 1 210
28 22 28 1 210
28 22 31 1 210
28 23 24 2 210
28 23 26 2 210
28 27 27 4 210
28 28 32 2 210
28 30 48 3 210
28 31 32 2 210
28 33 48 3 210
28 40 45 1 210
28 40 46 1 210
28 40 47 1 210
29 12 12 4 210
29 12 17 2 210
29 12 24 2 210
29 12 26 1 210
29 17 17 4 210
29 17 24 1 210
29 17 26 2 210
29 24 24 4 210
29 24 26 2 210
29 26 26 4 210
29 37 45 1 210
29 37 46 1 210
29 37 47 1 210
29 38 45 1 210
29 38 46 1 210
29 38 47 1 210
29 39 45 1 210
29 39 46 1 210
29 39 47 1 210
30 3 45 1 210
30 3 46 1 210
30 3 47 1 210
30 7 45 1 210
30 7 46 1 210
30 7 47 1 210
30 8 45 1 210
30 8 46 1 210
30 8 47 1 210
30 11 19 2 210
30 11 21 2 210
30 11 28 1 210
30 11 31 1 210
30 14 45 1 210
30 14 46 1 210
30 14 47 1 210
30 18 19 2 210
30 18 21 2 210
30 18 28 1 210
30 18 31 1 210
30 19 23 1 210
30 19 27 1 210
30 21 23 1 210
30 21 27 1 210
30 22 22 4 210
30 22 32 2 210
30 23 28 2 210
30 23 31 2 210
30 27 28 2 210
30 27 31 2 210
30 32 32 4 210
30 34 48 3 210
30 35 48 3 210
30 44 45 1 210
30 44 46 1 210
30 44 47 1 210
31 4 45 1 210
31 4 46 1 210
31 4 47 1 210
31 6 45 1 210
31 6 46 1 210
31 6 47 1 210
31 9 45 1 210
31 9 46 1 210
31 9 47 1 210
31 12 19 2 210
31 12 21 2 210
31 12 28 1 210
31 12 31 1 210
31 13 45 1 210
31 13 46 1 210
31 13 47 1 210
31 17 19 2 210
31 17 21 2 210
31 17 28 1 210
31 17 31 1 210
31 19 24 1 210
31 19 26 1 210
31 21 24 1 210
31 21 26 1 210
31 24 28 2 210
31 24 31 2 210
31 26 28 2 210
31 26 31 2 210
32 19 19 4 210
32 19 21 2 210
32 19 28 2 210
32 19 31 1 210
32 21 21 4 210
32 21 28 1 210
32 21 31 2 210
32 28 28 4 210
32 28 31 2 210
32 31 31 4 210
32 41 45 1 210
32 41 46 1 210
32 41 47 1 210
32 42 45 1 210
32 42 46 1 210
32 42 47 1 210
32 43 45 1 210
32 43 46 1 210
32 43 47 1 210
34 11 45 3 210
34 11 46 2 210
34 11 47 1 210
34 18 45 3 210
34 18 46 2 210
34 18 47 1 210
34 22 45 3 210
34 22 46 2 210
34 22 47 1 210
34 23 45 1 210
34 23 46 2 210
34 23 47 3 210
34 27 45 1 210
34 27 46 2 210
34 27 47 3 210
34 32 45 1 210
34 32 46 2 210
34 32 47 3 210
34 48 48 6 210
35 12 45 3 210
35 12 46 2 210
35 12 47 1 210
35 17 45 3 210
35 17 46 2 210
35 17 47 1 210
35 24 45 1 210
35 24 46 2 210
35 24 47 3 210
35 26 45 1 210
35 26 46 2 210
35 26 47 3 210
36 19 45 3 210
36 19 46 2 210
36 19 47 1 210
36 21 45 3 210
36 21 46 2 210
36 21 47 1 210
36 28 45 1 210
36 28 46 2 210
36 28 47 3 210
36 31 45 1 210
36 31 46 2 210
36 31 47 3 210
38 45 45 6 210
38 45 46 3 210
38 45 47 1 210
38 46 46 4 210
38 46 47 3 210
38 47 47 6 210
2
0 5 5 4 210
0 5 8 2 210
0 5 10 2 210
0 5 17 2 210
0 5 19 1 210
0 5 22 1 210
0 8 8 4 210
0 8 10 2 210
0 8 17 1 210
0 8 19 2 210
0 8 22 1 210
0 10 10 4 210
0 10 17 1 210
0 10 19 1 210
0 10 22 2 210
0 11 28 1 210
0 11 29 1 210
0 11 30 1 210
0 11 31 1 210
0 11 32 1 210
0 11 33 1 210
0 17 17 4 210
0 17 19 2 210
0 17 22 2 210
0 19 19 4 210
0 19 22 2 210
0 22 22 4 210
0 23 28 1 210
0 23 29 1 210
0 23 30 1 210
0 23 31 1 210
0 23 32 1 210
0 23 33 1 210
0 26 28 1 210
0 26 29 1 210
0 26 30 1 210
0 26 31 1 210
0 26 32 1 210
0 26 33 1 210
1 4 27 3 210
1 5 11 2 210
1 5 23 2 210
1 5 34 1 210
1 7 26 1 210
1 8 11 2 210
1 8 23 2 210
1 8 34 1 210
1 9 26 1 210
1 10 11 2 210
1 10 23 2 210
1 10 34 1 210
1 12 26 1 210
1 15 26 1 210
1 16 27 3 210
1 17 24 2 210
1 17 25 2 210
1 17 34 1 210
1 18 26 1 210
1 19 24 2 210
1 19 25 2 210
1 19 34 1 210
1 20 26 1 210
1 22 24 2 210
1 22 25 2 210
1 22 34 1 210
2 1 4 2 210
2 1 16 2 210
2 2 4 2 210
2 2 16 2 210
2 3 4 2 210
2 3 16 2 210
2 5 27 1 210
2 8 27 1 210
2 10 27 1 210
2 11 34 3 210
2 17 27 1 210
2 19 27 1 210
2 22 27 1 210
2 23 34 3 210
2 24 24 4 210
2 24 25 2 210
2 25 25 4 210
2 26 35 1 210
2 26 36 1 210
2 26 37 1 210
3 1 5 2 210
3 1 8 1 210
3 1 10 1 210
3 1 17 2 210
3 1 19 1 210
3 1 22 1 210
3 2 5 1 210
3 2 8 2 210
3 2 10 1 210
3 2 17 1 210
3 2 19 2 210
3 2 22 1 210
3 3 5 1 210
3 3 8 1 210
3 3 10 2 210
3 3 17 1 210
3 3 19 1 210
3 3 22 2 210
3 4 28 1 210
3 4 29 1 210
3 4 30 1 210
3 4 31 1 210
3 4 32 1 210
3 4 33 1 210
3 16 28 1 210
3 16 29 1 210
3 16 30 1 210
3 16 31 1 210
3 16 32 1 210
3 16 33 1 210
4 5 28 3 210
4 5 29 2 210
4 5 30 1 210
4 5 31 2 210
4 5 32 1 210
4 5 33 1 210
4 8 28 1 210
4 8 29 2 210
4 8 30 3 210
4 8 31 1 210
4 8 32 2 210
4 8 33 1 210
4 10 28 1 210
4 10 29 1 210
4 10 30 1 210
4 10 31 2 210
4 10 32 2 210
4 10 33 3 210
4 17 28 3 210
4 17 29 2 210
4 17 30 1 210
4 17 31 2 210
4 17 32 1 210
4 17 33 1 210
4 19 28 1 210
4 19 29 2 210
4 19 30 3 210
4 19 31 1 210
4 19 32 2 210
4 19 33 1 210
4 22 28 1 210
4 22 29 1 210
4 22 30 1 210
4 22 31 2 210
4 22 32 2 210
4 22 33 3 210
5 0 27 3 210
5 5 11 2 210
5 5 24 1 210
5 5 25 1 210
5 5 34 1 210
5 7 23 1 210
5 8 11 2 210
5 8 24 1 210
5 8 25 1 210
5 8 34 1 210
5 9 23 1 210
5 10 11 2 210
5 10 24 1 210
5 10 25 1 210
5 10 34 1 210
5 12 23 1 210
5 13 17 1 210
5 13 19 1 210
5 13 22 1 210
5 15 23 1 210
5 17 21 1 210
5 17 26 2 210
5 17 38 1 210
5 18 23 1 210
5 19 21 1 210
5 19 26 2 210
5 19 38 1 210
5 20 23 1 210
5 21 22 1 210
5 22 26 2 210
5 22 38 1 210
6 0 0 4 210
6 4 4 4 210
6 6 16 2 210
6 11 11 4 210
6 13 23 2 210
6 14 16 2 210
6 21 23 2 210
6 24 26 2 210
6 24 27 1 210
6 24 34 1 210
6 24 38 1 210
6 25 26 2 210
6 25 27 1 210
6 25 34 1 210
6 25 38 1 210
6 27 27 2 210
6 27 34 1 210
6 34 34 2 210
7 0 27 3 210
7 1 24 1 210
7 1 25 1 210
7 1 34 1 210
7 2 24 1 210
7 2 25 1 210
7 2 34 1 210
7 3 24 1 210
7 3 25 1 210
7 3 34 1 210
7 4 5 2 210
7 4 8 2 210
7 4 10 2 210
7 6 17 1 210
7 6 19 1 210
7 6 22 1 210
7 7 16 1 210
7 9 16 1 210
7 12 16 1 210
7 14 17 1 210
7 14 19 1 210
7 14 22 1 210
7 15 16 1 210
7 16 18 1 210
7 16 20 1 210
8 5 5 4 210
8 5 8 2 210
8 5 10 2 210
8 7 17 2 210
8 7 19 1 210
8 7 22 1 210
8 8 8 4 210
8 8 10 2 210
8 9 17 1 210
8 9 19 2 210
8 9 22 1 210
8 10 10 4 210
8 12 17 1 210
8 12 19 1 210
8 12 22 2 210
8 15 17 2 210
8 15 19 1 210
8 15 22 1 210
8 17 18 1 210
8 17 20 1 210
8 18 19 2 210
8 18 22 1 210
8 19 20 1 210
8 20 22 2 210
8 24 28 1 210
8 24 29 1 210
8 24 30 1 210
8 24 31 1 210
8 24 32 1 210
8 24 33 1 210
8 25 28 1 210
8 25 29 1 210
8 25 30 1 210
8 25 31 1 210
8 25 32 1 210
8 25 33 1 210
8 27 27 6 210
8 28 34 1 210
8 29 34 1 210
8 30 34 1 210
8 31 34 1 210
8 32 34 1 210
8 33 34 1 210
9 0 1 2 210
9 0 2 2 210
9 0 3 2 210
9 1 27 1 210
9 2 27 1 210
9 3 27 1 210
9 11 34 3 210
9 13 24 2 210
9 13 25 1 210
9 21 24 1 210
9 21 25 2 210
9 23 35 1 210
9 23 36 1 210
9 23 37 1 210
9 26 38 3 210
10 0 1 2 210
10 0 2 2 210
10 0 3 2 210
10 1 27 1 210
10 2 27 1 210
10 3 27 1 210
10 4 34 3 210
10 6 24 2 210
10 6 25 1 210
10 14 24 1 210
10 14 25 2 210
10 16 35 1 210
10 16 36 1 210
10 16 37 1 210
11 1 27 3 210
11 2 27 3 210
11 3 27 3 210
11 5 34 3 210
11 7 24 2 210
11 7 25 1 210
11 8 34 3 210
11 9 24 2 210
11 9 25 1 210
11 10 34 3 210
11 12 24 2 210
11 12 25 1 210
11 15 24 1 210
11 15 25 2 210
11 17 35 1 210
11 17 36 1 210
11 17 37 1 210
11 18 24 1 210
11 18 25 2 210
11 19 35 1 210
11 19 36 1 210
11 19 37 1 210
11 20 24 1 210
11 20 25 2 210
11 22 35 1 210
11 22 36 1 210
11 22 37 1 210
12 0 28 1 210
12 0 29 1 210
12 0 30 1 210
12 0 31 1 210
12 0 32 1 210
12 0 33 1 210
12 1 1 4 210
12 1 2 2 210
12 1 3 2 210
12 2 2 4 210
12 2 3 2 210
12 3 3 4 210
13 1 1 4 210
13 1 2 2 210
13 1 3 2 210
13 2 2 4 210
13 2 3 2 210
13 3 3 4 210
13 24 35 3 210
13 24 36 2 210
13 24 37 1 210
13 25 35 1 210
13 25 36 2 210
13 25 37 3 210
13 27 28 1 210
13 27 29 1 210
13 27 30 1 210
13 27 31 1 210
13 27 32 1 210
13 27 33 1 210
13 34 34 6 210
14 1 28 3 210
14 1 29 2 210
14 1 30 1 210
14 1 31 2 210
14 1 32 1 210
14 1 33 1 210
14 2 28 1 210
14 2 29 2 210
14 2 30 3 210
14 2 31 1 210
14 2 32 2 210
14 2 33 1 210
14 3 28 1 210
14 3 29 1 210
14 3 30 1 210
14 3 31 2 210
14 3 32 2 210
14 3 33 3 210
15 28 28 6 210
15 28 29 3 210
15 28 30 1 210
15 28 31 3 210
15 28 32 1 210
15 28 33 1 210
15 29 29 4 210
15 29 30 3 210
15 29 31 2 210
15 29 32 2 210
15 29 33 1 210
15 30 30 6 210
15 30 31 1 210
15 30 32 3 210
15 30 33 1 210
15 31 31 4 210
15 31 32 2 210
15 31 33 3 210
15 32 32 4 210
15 32 33 3 210
15 33 33 6 210
16 5 13 2 210
16 5 21 2 210
16 5 38 1 210
16 7 11 1 210
16 8 13 2 210
16 8 21 2 210
16 8 38 1 210
16 9 11 1 210
16 10 13 2 210
16 10 21 2 210
16 10 38 1 210
16 11 12 1 210
16 11 15 1 210
16 11 18 1 210
16 11 20 1 210
16 17 23 2 210
16 17 26 2 210
16 17 38 1 210
16 19 23 2 210
16 19 26 2 210
16 19 38 1 210
16 22 23 2 210
16 22 26 2 210
16 22 38 1 210
17 4 6 2 210
17 4 14 2 210
17 11 13 2 210
17 11 21 2 210
17 13 27 1 210
17 13 34 1 210
17 16 16 4 210
17 21 27 1 210
17 21 34 1 210
17 23 23 4 210
17 24 26 2 210
17 24 38 1 210
17 25 26 2 210
17 25 38 1 210
17 27 38 1 210
17 34 38 1 210
18 1 13 1 210
18 1 21 1 210
18 1 38 1 210
18 2 13 1 210
18 2 21 1 210
18 2 38 1 210
18 3 13 1 210
18 3 21 1 210
18 3 38 1 210
18 4 7 1 210
18 4 9 1 210
18 4 12 1 210
18 4 15 1 210
18 4 18 1 210
18 4 20 1 210
18 5 6 1 210
18 5 14 1 210
18 6 8 1 210
18 6 10 1 210
18 8 14 1 210
18 10 14 1 210
18 16 17 2 210
18 16 19 2 210
18 16 22 2 210
19 5 7 2 210
19 5 9 1 210
19 5 12 1 210
19 5 15 2 210
19 5 18 1 210
19 5 20 1 210
19 7 8 1 210
19 7 10 1 210
19 8 9 2 210
19 8 12 1 210
19 8 15 1 210
19 8 18 2 210
19 8 20 1 210
19 9 10 1 210
19 10 12 2 210
19 10 15 1 210
19 10 18 1 210
19 10 20 2 210
19 13 28 1 210
19 13 29 1 210
19 13 30 1 210
19 13 31 1 210
19 13 32 1 210
19 13 33 1 210
19 17 17 4 210
19 17 19 2 210
19 17 22 2 210
19 19 19 4 210
19 19 22 2 210
19 21 28 1 210
19 21 29 1 210
19 21 30 1 210
19 21 31 1 210
19 21 32 1 210
19 21 33 1 210
19 22 22 4 210
19 28 38 1 210
19 29 38 1 210
19 30 38 1 210
19 31 38 1 210
19 32 38 1 210
19 33 38 1 210
20 0 6 2 210
20 0 14 2 210
20 6 27 1 210
20 11 13 2 210
20 11 21 2 210
20 13 34 1 210
20 13 38 1 210
20 14 27 1 210
20 21 34 1 210
20 21 38 1 210
20 23 24 2 210
20 23 25 2 210
20 26 26 4 210
20 38 38 2 210
21 0 6 2 210
21 0 14 2 210
21 4 13 2 210
21 4 21 2 210
21 6 27 1 210
21 6 34 1 210
21 6 38 1 210
21 14 27 1 210
21 14 34 1 210
21 14 38 1 210
21 16 24 2 210
21 16 25 2 210
22 5 13 2 210
22 5 21 2 210
22 6 27 3 210
22 7 34 1 210
22 7 38 1 210
22 8 13 2 210
22 8 21 2 210
22 9 34 1 210
22 9 38 1 210
22 10 13 2 210
22 10 21 2 210
22 12 34 1 210
22 12 38 1 210
22 14 27 3 210
22 15 34 1 210
22 15 38 1 210
22 17 24 2 210
22 17 25 2 210
22 18 34 1 210
22 18 38 1 210
22 19 24 2 210
22 19 25 2 210
22 20 34 1 210
22 20 38 1 210
22 22 24 2 210
22 22 25 2 210
23 0 7 1 210
23 0 9 1 210
23 0 12 1 210
23 0 15 1 210
23 0 18 1 210
23 0 20 1 210
23 1 6 2 210
23 1 14 2 210
23 2 6 2 210
23 2 14 2 210
23 3 6 2 210
23 3 14 2 210
24 1 6 2 210
24 1 14 2 210
24 2 6 2 210
24 2 14 2 210
24 3 6 2 210
24 3 14 2 210
24 7 27 1 210
24 9 27 1 210
24 12 27 1 210
24 13 34 3 210
24 15 27 1 210
24 18 27 1 210
24 20 27 1 210
24 21 34 3 210
24 24 24 4 210
24 24 25 2 210
24 25 25 4 210
24 35 38 1 210
24 36 38 1 210
24 37 38 1 210
25 1 7 2 210
25 1 9 1 210
25 1 12 1 210
25 1 15 2 210
25 1 18 1 210
25 1 20 1 210
25 2 7 1 210
25 2 9 2 210
25 2 12 1 210
25 2 15 1 210
25 2 18 2 210
25 2 20 1 210
25 3 7 1 210
25 3 9 1 210
25 3 12 2 210
25 3 15 1 210
25 3 18 1 210
25 3 20 2 210
25 6 28 1 210
25 6 29 1 210
25 6 30 1 210
25 6 31 1 210
25 6 32 1 210
25 6 33 1 210
25 14 28 1 210
25 14 29 1 210
25 14 30 1 210
25 14 31 1 210
25 14 32 1 210
25 14 33 1 210
26 7 28 3 210
26 7 29 2 210
26 7 30 1 210
26 7 31 2 210
26 7 32 1 210
26 7 33 1 210
26 9 28 1 210
26 9 29 2 210
26 9 30 3 210
26 9 31 1 210
26 9 32 2 210
26 9 33 1 210
26 12 28 1 210
26 12 29 1 210
26 12 30 1 210
26 12 31 2 210
26 12 32 2 210
26 12 33 3 210
26 15 28 3 210
26 15 29 2 210
26 15 30 1 210
26 15 31 2 210
26 15 32 1 210
26 15 33 1 210
26 18 28 1 210
26 18 29 2 210
26 18 30 3 210
26 18 31 1 210
26 18 32 2 210
26 18 33 1 210
26 20 28 1 210
26 20 29 1 210
26 20 30 1 210
26 20 31 2 210
26 20 32 2 210
26 20 33 3 210
27 11 35 1 210
27 11 36 1 210
27 11 37 1 210
27 13 13 4 210
27 13 21 2 210
27 21 21 4 210
27 23 38 3 210
27 26 38 3 210
28 4 35 1 210
28 4 36 1 210
28 4 37 1 210
28 6 13 2 210
28 6 21 1 210
28 13 14 1 210
28 14 21 2 210
28 16 38 3 210
29 5 35 1 210
29 5 36 1 210
29 5 37 1 210
29 7 13 2 210
29 7 21 1 210
29 8 35 1 210
29 8 36 1 210
29 8 37 1 210
29 9 13 2 210
29 9 21 1 210
29 10 35 1 210
29 10 36 1 210
29 10 37 1 210
29 12 13 2 210
29 12 21 1 210
29 13 15 1 210
29 13 18 1 210
29 13 20 1 210
29 15 21 2 210
29 17 38 3 210
29 18 21 2 210
29 19 38 3 210
29 20 21 2 210
29 22 38 3 210
30 0 35 1 210
30 0 36 1 210
30 0 37 1 210
30 6 6 4 210
30 6 14 2 210
30 14 14 4 210
31 6 6 4 210
31 6 14 2 210
31 13 13 4 210
31 13 21 2 210
31 14 14 4 210
31 21 21 4 210
31 24 38 3 210
31 25 38 3 210
31 27 35 1 210
31 27 36 1 210
31 27 37 1 210
31 34 35 1 210
31 34 36 1 210
31 34 37 1 210
32 1 35 1 210
32 1 36 1 210
32 1 37 1 210
32 2 35 1 210
32 2 36 1 210
32 2 37 1 210
32 3 35 1 210
32 3 36 1 210
32 3 37 1 210
32 6 7 2 210
32 6 9 2 210
32 6 12 2 210
32 6 15 1 210
32 6 18 1 210
32 6 20 1 210
32 7 14 1 210
32 9 14 1 210
32 12 14 1 210
32 14 15 2 210
32 14 18 2 210
32 14 20 2 210
33 7 7 4 210
33 7 9 2 210
33 7 12 2 210
33 7 15 2 210
33 7 18 1 210
33 7 20 1 210
33 9 9 4 210
33 9 12 2 210
33 9 15 1 210
33 9 18 2 210
33 9 20 1 210
33 12 12 4 210
33 12 15 1 210
33 12 18 1 210
33 12 20 2 210
33 15 15 4 210
33 15 18 2 210
33 15 20 2 210
33 18 18 4 210
33 18 20 2 210
33 20 20 4 210
33 28 35 1 210
33 28 36 1 210
33 28 37 1 210
33 29 35 1 210
33 29 36 1 210
33 29 37 1 210
33 30 35 1 210
33 30 36 1 210
33 30 37 1 210
33 31 35 1 210
33 31 36 1 210
33 31 37 1 210
33 32 35 1 210
33 32 36 1 210
33 32 37 1 210
33 33 35 1 210
33 33 36 1 210
33 33 37 1 210
35 13 35 3 210
35 13 36 2 210
35 13 37 1 210
35 21 35 1 210
35 21 36 2 210
35 21 37 3 210
35 38 38 6 210
36 6 35 3 210
36 6 36 2 210
36 6 37 1 210
36 14 35 1 210
36 14 36 2 210
36 14 37 3 210
37 7 35 3 210
37 7 36 2 210
37 7 37 1 210
37 9 35 3 210
37 9 36 2 210
37 9 37 1 210
37 12 35 3 210
37 12 36 2 210
37 12 37 1 210
37 15 35 1 210
37 15 36 2 210
37 15 37 3 210
37 18 35 1 210
37 18 36 2 210
37 18 37 3 210
37 20 35 1 210
37 20 36 2 210
37 20 37 3 210
39 35 35 6 210
39 35 36 3 210
39 35 37 1 210
39 36 36 4 210
39 36 37 3 210
39 37 37 6 210
3
1 18 18 4 210
1 18 21 2 210
1 21 21 4 210
1 26 28 1 210
1 26 29 1 210
1 26 30 1 210
2 6 26 1 210
2 9 26 1 210
2 12 26 1 210
2 13 26 1 210
2 16 26 1 210
2 18 23 2 210
2 18 24 2 210
2 18 25 2 210
2 19 26 1 210
2 21 23 2 210
2 21 24 2 210
2 21 25 2 210
3 23 23 4 210
3 23 24 2 210
3 23 25 2 210
3 24 24 4 210
3 24 25 2 210
3 25 25 4 210
3 26 32 1 210
3 26 33 1 210
3 26 34 1 210
3 26 35 1 210
3 26 36 1 210
3 26 37 1 210
5 4 18 2 210
5 4 21 1 210
5 7 18 1 210
5 7 21 2 210
5 17 27 3 210
5 22 28 1 210
5 22 29 1 210
5 22 30 1 210
6 1 17 2 210
6 2 17 2 210
6 4 22 2 210
6 7 22 2 210
6 18 26 2 210
6 18 27 1 210
6 18 31 1 210
6 18 38 1 210
6 21 26 2 210
6 21 27 1 210
6 21 31 1 210
6 21 38 1 210
7 1 18 2 210
7 1 21 1 210
7 2 18 1 210
7 2 21 2 210
7 17 28 1 210
7 17 29 1 210
7 17 30 1 210
7 22 31 3 210
7 23 26 2 210
7 23 38 1 210
7 24 26 2 210
7 24 38 1 210
7 25 26 2 210
7 25 38 1 210
8 18 28 3 210
8 18 29 2 210
8 18 30 1 210
8 21 28 1 210
8 21 29 2 210
8 21 30 3 210
9 4 23 1 210
9 4 24 1 210
9 4 25 1 210
9 5 17 2 210
9 6 22 1 210
9 7 23 1 210
9 7 24 1 210
9 7 25 1 210
9 9 22 1 210
9 10 18 1 210
9 10 21 1 210
9 11 17 2 210
9 12 22 1 210
9 13 22 1 210
9 14 18 1 210
9 14 21 1 210
9 15 17 2 210
9 16 22 1 210
9 18 20 1 210
9 19 22 1 210
9 20 21 1 210
9 23 27 1 210
9 24 27 1 210
9 25 27 1 210
10 1 23 1 210
10 1 24 1 210
10 1 25 1 210
10 2 23 1 210
10 2 24 1 210
10 2 25 1 210
10 5 18 1 210
10 5 21 1 210
10 6 17 1 210
10 9 17 1 210
10 10 22 2 210
10 11 18 1 210
10 11 21 1 210
10 12 17 1 210
10 13 17 1 210
10 14 22 2 210
10 15 18 1 210
10 15 21 1 210
10 16 17 1 210
10 17 19 1 210
10 20 22 2 210
10 23 31 1 210
10 24 31 1 210
10 25 31 1 210
10 26 38 3 210
11 6 18 2 210
11 6 21 1 210
11 9 18 1 210
11 9 21 2 210
11 12 18 2 210
11 12 21 1 210
11 13 18 1 210
11 13 21 2 210
11 16 18 2 210
11 16 21 1 210
11 18 19 1 210
11 19 21 2 210
11 23 28 1 210
11 23 29 1 210
11 23 30 1 210
11 24 28 1 210
11 24 29 1 210
11 24 30 1 210
11 25 28 1 210
11 25 29 1 210
11 25 30 1 210
12 5 23 2 210
12 5 24 1 210
12 5 25 1 210
12 10 23 2 210
12 10 24 1 210
12 10 25 1 210
12 11 23 1 210
12 11 24 2 210
12 11 25 1 210
12 14 23 1 210
12 14 24 2 210
12 14 25 1 210
12 15 23 1 210
12 15 24 1 210
12 15 25 2 210
12 17 32 1 210
12 17 33 1 210
12 17 34 1 210
12 17 35 1 210
12 17 36 1 210
12 17 37 1 210
12 20 23 1 210
12 20 24 1 210
12 20 25 2 210
12 22 32 1 210
12 22 33 1 210
12 22 34 1 210
12 22 35 1 210
12 22 36 1 210
12 22 37 1 210
13 6 23 2 210
13 6 24 1 210
13 6 25 1 210
13 9 23 2 210
13 9 24 1 210
13 9 25 1 210
13 12 23 1 210
13 12 24 2 210
13 12 25 1 210
13 13 23 1 210
13 13 24 2 210
13 13 25 1 210
13 16 23 1 210
13 16 24 1 210
13 16 25 2 210
13 18 32 1 210
13 18 33 1 210
13 18 34 1 210
13 18 35 1 210
13 18 36 1 210
13 18 37 1 210
13 19 23 1 210
13 19 24 1 210
13 19 25 2 210
13 21 32 1 210
13 21 33 1 210
13 21 34 1 210
13 21 35 1 210
13 21 36 1 210
13 21 37 1 210
14 23 32 3 210
14 23 33 2 210
14 23 34 1 210
14 23 35 2 210
14 23 36 1 210
14 23 37 1 210
14 24 32 1 210
14 24 33 2 210
14 24 34 3 210
14 24 35 1 210
14 24 36 2 210
14 24 37 1 210
14 25 32 1 210
14 25 33 1 210
14 25 34 1 210
14 25 35 2 210
14 25 36 2 210
14 25 37 3 210
16 0 27 3 210
16 3 27 3 210
16 4 4 4 210
16 4 7 2 210
16 7 7 4 210
16 8 28 1 210
16 8 29 1 210
16 8 30 1 210
17 0 0 4 210
17 1 3 2 210
17 2 3 2 210
17 4 8 2 210
17 4 27 1 210
17 4 31 1 210
17 7 8 2 210
17 7 27 1 210
17 7 31 1 210
17 18 26 2 210
17 18 38 1 210
17 21 26 2 210
17 21 38 1 210
17 27 27 2 210
18 0 27 3 210
18 1 4 2 210
18 1 7 1 210
18 2 4 1 210
18 2 7 2 210
18 3 28 1 210
18 3 29 1 210
18 3 30 1 210
18 8 31 3 210
18 23 26 2 210
18 23 38 1 210
18 24 26 2 210
18 24 38 1 210
18 25 26 2 210
18 25 38 1 210
19 4 28 3 210
19 4 29 2 210
19 4 30 1 210
19 7 28 1 210
19 7 29 2 210
19 7 30 3 210
19 27 27 6 210
20 0 1 2 210
20 0 2 2 210
20 1 27 1 210
20 2 27 1 210
20 3 3 4 210
20 4 8 2 210
20 4 31 1 210
20 4 38 1 210
20 7 8 2 210
20 7 31 1 210
20 7 38 1 210
20 17 17 4 210
20 18 22 2 210
20 21 22 2 210
20 27 31 1 210
20 27 38 1 210
21 0 1 2 210
21 0 2 2 210
21 1 27 1 210
21 1 31 1 210
21 1 38 1 210
21 2 27 1 210
21 2 31 1 210
21 2 38 1 210
21 3 4 2 210
21 3 7 2 210
21 8 8 4 210
21 17 18 2 210
21 17 21 2 210
21 22 22 4 210
21 26 26 4 210
21 31 31 2 210
21 31 38 1 210
21 38 38 2 210
22 1 27 3 210
22 2 27 3 210
22 4 4 4 210
22 4 7 2 210
22 7 7 4 210
22 18 18 4 210
22 18 21 2 210
22 21 21 4 210
22 28 31 1 210
22 28 38 1 210
22 29 31 1 210
22 29 38 1 210
22 30 31 1 210
22 30 38 1 210
23 0 28 1 210
23 0 29 1 210
23 0 30 1 210
23 1 1 4 210
23 1 2 2 210
23 2 2 4 210
23 3 31 3 210
23 5 38 1 210
23 8 31 3 210
23 10 38 1 210
23 11 38 1 210
23 14 38 1 210
23 15 38 1 210
23 17 23 2 210
23 17 24 2 210
23 17 25 2 210
23 20 38 1 210
23 22 23 2 210
23 22 24 2 210
23 22 25 2 210
24 1 1 4 210
24 1 2 2 210
24 2 2 4 210
24 4 31 3 210
24 6 38 1 210
24 7 31 3 210
24 9 38 1 210
24 12 38 1 210
24 13 38 1 210
24 16 38 1 210
24 18 23 2 210
24 18 24 2 210
24 18 25 2 210
24 19 38 1 210
24 21 23 2 210
24 21 24 2 210
24 21 25 2 210
24 27 28 1 210
24 27 29 1 210
24 27 30 1 210
25 1 28 3 210
25 1 29 2 210
25 1 30 1 210
25 2 28 1 210
25 2 29 2 210
25 2 30 3 210
25 23 23 4 210
25 23 24 2 210
25 23 25 2 210
25 24 24 4 210
25 24 25 2 210
25 25 25 4 210
25 31 31 6 210
25 32 38 1 210
25 33 38 1 210
25 34 38 1 210
25 35 38 1 210
25 36 38 1 210
25 37 38 1 210
26 28 28 6 210
26 28 29 3 210
26 28 30 1 210
26 29 29 4 210
26 29 30 3 210
26 30 30 6 210
27 0 5 2 210
27 0 11 2 210
27 0 15 2 210
27 3 5 2 210
27 3 11 2 210
27 3 15 2 210
27 4 10 2 210
27 4 14 2 210
27 4 20 2 210
27 5 27 1 210
27 6 8 1 210
27 7 10 2 210
27 7 14 2 210
27 7 20 2 210
27 8 9 1 210
27 8 12 1 210
27 8 13 1 210
27 8 16 1 210
27 8 19 1 210
27 10 27 1 210
27 11 27 1 210
27 14 27 1 210
27 15 27 1 210
27 20 27 1 210
28 0 5 2 210
28 0 11 2 210
28 0 15 2 210
28 1 10 1 210
28 1 14 1 210
28 1 20 1 210
28 2 10 1 210
28 2 14 1 210
28 2 20 1 210
28 3 6 1 210
28 3 9 1 210
28 3 12 1 210
28 3 13 1 210
28 3 16 1 210
28 3 19 1 210
28 4 5 1 210
28 4 11 1 210
28 4 15 1 210
28 5 7 1 210
28 5 27 1 210
28 7 11 1 210
28 7 15 1 210
28 8 10 2 210
28 8 14 2 210
28 8 20 2 210
28 10 31 1 210
28 11 27 1 210
28 14 31 1 210
28 15 27 1 210
28 20 31 1 210
28 26 38 3 210
29 4 6 2 210
29 4 9 1 210
29 4 12 2 210
29 4 13 1 210
29 4 16 2 210
29 4 19 1 210
29 5 27 3 210
29 6 7 1 210
29 7 9 2 210
29 7 12 1 210
29 7 13 2 210
29 7 16 1 210
29 7 19 2 210
29 10 28 1 210
29 10 29 1 210
29 10 30 1 210
29 11 27 3 210
29 14 28 1 210
29 14 29 1 210
29 14 30 1 210
29 15 27 3 210
29 20 28 1 210
29 20 29 1 210
29 20 30 1 210
30 0 6 1 210
30 0 9 1 210
30 0 12 1 210
30 0 13 1 210
30 0 16 1 210
30 0 19 1 210
30 1 5 2 210
30 1 11 2 210
30 1 15 2 210
30 2 5 2 210
30 2 11 2 210
30 2 15 2 210
30 3 10 2 210
30 3 14 2 210
30 3 20 2 210
30 5 31 1 210
30 8 10 2 210
30 8 14 2 210
30 8 20 2 210
30 10 31 1 210
30 11 31 1 210
30 14 31 1 210
30 15 31 1 210
30 17 38 3 210
30 20 31 1 210
30 22 38 3 210
31 1 5 2 210
31 1 11 2 210
31 1 15 2 210
31 2 5 2 210
31 2 11 2 210
31 2 15 2 210
31 4 10 2 210
31 4 14 2 210
31 4 20 2 210
31 6 27 1 210
31 6 31 1 210
31 7 10 2 210
31 7 14 2 210
31 7 20 2 210
31 9 27 1 210
31 9 31 1 210
31 12 27 1 210
31 12 31 1 210
31 13 27 1 210
31 13 31 1 210
31 16 27 1 210
31 16 31 1 210
31 18 38 3 210
31 19 27 1 210
31 19 31 1 210
31 21 38 3 210
32 1 6 2 210
32 1 9 1 210
32 1 12 2 210
32 1 13 1 210
32 1 16 2 210
32 1 19 1 210
32 2 6 1 210
32 2 9 2 210
32 2 12 1 210
32 2 13 2 210
32 2 16 1 210
32 2 19 2 210
32 5 28 1 210
32 5 29 1 210
32 5 30 1 210
32 10 31 3 210
32 11 28 1 210
32 11 29 1 210
32 11 30 1 210
32 14 31 3 210
32 15 28 1 210
32 15 29 1 210
32 15 30 1 210
32 20 31 3 210
32 23 38 3 210
32 24 38 3 210
32 25 38 3 210
33 6 28 3 210
33 6 29 2 210
33 6 30 1 210
33 9 28 1 210
33 9 29 2 210
33 9 30 3 210
33 12 28 3 210
33 12 29 2 210
33 12 30 1 210
33 13 28 1 210
33 13 29 2 210
33 13 30 3 210
33 16 28 3 210
33 16 29 2 210
33 16 30 1 210
33 19 28 1 210
33 19 29 2 210
33 19 30 3 210
34 0 32 1 210
34 0 33 1 210
34 0 34 1 210
34 0 35 1 210
34 0 36 1 210
34 0 37 1 210
34 3 32 1 210
34 3 33 1 210
34 3 34 1 210
34 3 35 1 210
34 3 36 1 210
34 3 37 1 210
34 5 5 4 210
34 5 10 2 210
34 5 11 2 210
34 5 14 1 210
34 5 15 2 210
34 5 20 1 210
34 8 32 1 210
34 8 33 1 210
34 8 34 1 210
34 8 35 1 210
34 8 36 1 210
34 8 37 1 210
34 10 10 4 210
34 10 11 1 210
34 10 14 2 210
34 10 15 1 210
34 10 20 2 210
34 11 11 4 210
34 11 14 2 210
34 11 15 2 210
34 11 20 1 210
34 14 14 4 210
34 14 15 1 210
34 14 20 2 210
34 15 15 4 210
34 15 20 2 210
34 20 20 4 210
35 4 32 1 210
35 4 33 1 210
35 4 34 1 210
35 4 35 1 210
35 4 36 1 210
35 4 37 1 210
35 5 5 4 210
35 5 11 2 210
35 5 15 2 210
35 6 10 2 210
35 6 14 1 210
35 6 20 1 210
35 7 32 1 210
35 7 33 1 210
35 7 34 1 210
35 7 35 1 210
35 7 36 1 210
35 7 37 1 210
35 9 10 2 210
35 9 14 1 210
35 9 20 1 210
35 10 12 1 210
35 10 13 1 210
35 10 16 1 210
35 10 19 1 210
35 11 11 4 210
35 11 15 2 210
35 12 14 2 210
35 12 20 1 210
35 13 14 2 210
35 13 20 1 210
35 14 16 1 210
35 14 19 1 210
35 15 15 4 210
35 16 20 2 210
35 19 20 2 210
35 27 32 1 210
35 27 33 1 210
35 27 34 1 210
35 27 35 1 210
35 27 36 1 210
35 27 37 1 210
36 1 32 1 210
36 1 33 1 210
36 1 34 1 210
36 1 35 1 210
36 1 36 1 210
36 1 37 1 210
36 2 32 1 210
36 2 33 1 210
36 2 34 1 210
36 2 35 1 210
36 2 36 1 210
36 2 37 1 210
36 5 6 2 210
36 5 9 2 210
36 5 12 1 210
36 5 13 1 210
36 5 16 1 210
36 5 19 1 210
36 6 11 1 210
36 6 15 1 210
36 9 11 1 210
36 9 15 1 210
36 10 10 4 210
36 10 14 2 210
36 10 20 2 210
36 11 12 2 210
36 11 13 2 210
36 11 16 1 210
36 11 19 1 210
36 12 15 1 210
36 13 15 1 210
36 14 14 4 210
36 14 20 2 210
36 15 16 2 210
36 15 19 2 210
36 20 20 4 210
36 31 32 1 210
36 31 33 1 210
36 31 34 1 210
36 31 35 1 210
36 31 36 1 210
36 31 37 1 210
36 38 38 6 210
37 6 6 4 210
37 6 9 2 210
37 6 12 2 210
37 6 13 1 210
37 6 16 2 210
37 6 19 1 210
37 9 9 4 210
37 9 12 1 210
37 9 13 2 210
37 9 16 1 210
37 9 19 2 210
37 12 12 4 210
37 12 13 2 210
37 12 16 2 210
37 12 19 1 210
37 13 13 4 210
37 13 16 1 210
37 13 19 2 210
37 16 16 4 210
37 16 19 2 210
37 19 19 4 210
37 28 32 1 210
37 28 33 1 210
37 28 34 1 210
37 28 35 1 210
37 28 36 1 210
37 28 37 1 210
37 29 32 1 210
37 29 33 1 210
37 29 34 1 210
37 29 35 1 210
37 29 36 1 210
37 29 37 1 210
37 30 32 1 210
37 30 33 1 210
37 30 34 1 210
37 30 35 1 210
37 30 36 1 210
37 30 37 1 210
38 5 32 3 210
38 5 33 2 210
38 5 34 1 210
38 5 35 2 210
38 5 36 1 210
38 5 37 1 210
38 10 32 3 210
38 10 33 2 210
38 10 34 1 210
38 10 35 2 210
38 10 36 1 210
38 10 37 1 210
38 11 32 1 210
38 11 33 2 210
38 11 34 3 210
38 11 35 1 210
38 11 36 2 210
38 11 37 1 210
38 14 32 1 210
38 14 33 2 210
38 14 34 3 210
38 14 35 1 210
38 14 36 2 210
38 14 37 1 210
38 15 32 1 210
38 15 33 1 210
38 15 34 1 210
38 15 35 2 210
38 15 36 2 210
38 15 37 3 210
38 20 32 1 210
38 20 33 1 210
38 20 34 1 210
38 20 35 2 210
38 20 36 2 210
38 20 37 3 210
39 6 32 3 210
39 6 33 2 210
39 6 34 1 210
39 6 35 2 210
39 6 36 1 210
39 6 37 1 210
39 9 32 3 210
39 9 33 2 210
39 9 34 1 210
39 9 35 2 210
39 9 36 1 210
39 9 37 1 210
39 12 32 1 210
39 12 33 2 210
39 12 34 3 210
39 12 35 1 210
39 12 36 2 210
39 12 37 1 210
39 13 32 1 210
39 13 33 2 210
39 13 34 3 210
39 13 35 1 210
39 13 36 2 210
39 13 37 1 210
39 16 32 1 210
39 16 33 1 210
39 16 34 1 210
39 16 35 2 210
39 16 36 2 210
39 16 37 3 210
39 19 32 1 210
39 19 33 1 210
39 19 34 1 210
39 19 35 2 210
39 19 36 2 210
39 19 37 3 210
40 32 32 6 210
40 32 33 3 210
40 32 34 1 210
40 32 35 3 210
40 32 36 1 210
40 32 37 1 210
40 33 33 4 210
40 33 34 3 210
40 33 35 2 210
40 33 36 2 210
40 33 37 1 210
40 34 34 6 210
40 34 35 1 210
40 34 36 3 210
40 34 37 1 210
40 35 35 4 210
40 35 36 2 210
40 35 37 3 210
40 36 36 4 210
40 36 37 3 210
40 37 37 6 210
4
0 6 10 3 210
0 7 10 3 210
0 8 10 3 210
0 9 10 3 210
1 10 10 4 210
1 10 22 1 210
2 5 5 4 210
2 10 11 1 210
3 1 10 1 210
3 2 10 1 210
3 3 10 1 210
3 4 10 1 210
3 5 6 2 210
3 5 7 2 210
3 5 8 2 210
3 5 9 2 210
4 6 6 4 210
4 6 7 2 210
4 6 8 2 210
4 6 9 2 210
4 7 7 4 210
4 7 8 2 210
4 7 9 2 210
4 8 8 4 210
4 8 9 2 210
4 9 9 4 210
4 10 12 1 210
4 10 13 1 210
4 10 14 1 210
4 10 15 1 210
4 10 16 1 210
4 10 17 1 210
4 10 18 1 210
4 10 19 1 210
4 10 20 1 210
4 10 21 1 210
5 10 10 4 210
5 10 22 1 210
7 5 10 2 210
7 5 22 1 210
8 6 10 2 210
8 6 22 1 210
8 7 10 2 210
8 7 22 1 210
8 8 10 2 210
8 8 22 1 210
8 9 10 2 210
8 9 22 1 210
9 0 5 2 210
9 5 11 1 210
10 0 5 2 210
10 5 11 1 210
11 5 11 3 210
11 10 22 3 210
12 0 6 1 210
12 0 7 1 210
12 0 8 1 210
12 0 9 1 210
12 1 5 2 210
12 2 5 2 210
12 3 5 2 210
12 4 5 2 210
13 1 5 2 210
13 2 5 2 210
13 3 5 2 210
13 4 5 2 210
13 6 11 1 210
13 7 11 1 210
13 8 11 1 210
13 9 11 1 210
14 1 6 2 210
14 1 7 1 210
14 1 8 1 210
14 1 9 1 210
14 2 6 1 210
14 2 7 2 210
14 2 8 1 210
14 2 9 1 210
14 3 6 1 210
14 3 7 1 210
14 3 8 2 210
14 3 9 1 210
14 4 6 1 210
14 4 7 1 210
14 4 8 1 210
14 4 9 2 210
14 5 12 1 210
14 5 13 1 210
14 5 14 1 210
14 5 15 1 210
14 5 16 1 210
14 5 17 1 210
14 5 18 1 210
14 5 19 1 210
14 5 20 1 210
14 5 21 1 210
15 6 12 3 210
15 6 13 2 210
15 6 14 1 210
15 6 15 2 210
15 6 16 1 210
15 6 17 1 210
15 6 18 2 210
15 6 19 1 210
15 6 20 1 210
15 6 21 1 210
15 7 12 1 210
15 7 13 2 210
15 7 14 3 210
15 7 15 1 210
15 7 16 2 210
15 7 17 1 210
15 7 18 1 210
15 7 19 2 210
15 7 20 1 210
15 7 21 1 210
15 8 12 1 210
15 8 13 1 210
15 8 14 1 210
15 8 15 2 210
15 8 16 2 210
15 8 17 3 210
15 8 18 1 210
15 8 19 1 210
15 8 20 2 210
15 8 21 1 210
15 9 12 1 210
15 9 13 1 210
15 9 14 1 210
15 9 15 1 210
15 9 16 1 210
15 9 17 1 210
15 9 18 2 210
15 9 19 2 210
15 9 20 2 210
15 9 21 3 210
16 10 10 4 210
16 10 22 1 210
18 5 10 2 210
18 5 22 1 210
19 6 10 2 210
19 6 22 1 210
19 7 10 2 210
19 7 22 1 210
19 8 10 2 210
19 8 22 1 210
19 9 10 2 210
19 9 22 1 210
22 10 10 4 210
22 22 22 2 210
23 0 22 1 210
23 5 5 4 210
24 5 5 4 210
24 11 22 1 210
25 1 22 1 210
25 2 22 1 210
25 3 22 1 210
25 4 22 1 210
25 5 6 2 210
25 5 7 2 210
25 5 8 2 210
25 5 9 2 210
26 6 6 4 210
26 6 7 2 210
26 6 8 2 210
26 6 9 2 210
26 7 7 4 210
26 7 8 2 210
26 7 9 2 210
26 8 8 4 210
26 8 9 2 210
26 9 9 4 210
26 12 22 1 210
26 13 22 1 210
26 14 22 1 210
26 15 22 1 210
26 16 22 1 210
26 17 22 1 210
26 18 22 1 210
26 19 22 1 210
26 20 22 1 210
26 21 22 1 210
27 0 0 4 210
27 0 11 1 210
28 0 0 4 210
28 0 11 1 210
29 0 11 3 210
29 10 22 3 210
30 0 0 4 210
30 0 11 1 210
31 0 0 4 210
31 11 11 2 210
32 0 11 3 210
32 5 22 3 210
33 6 22 3 210
33 7 22 3 210
33 8 22 3 210
33 9 22 3 210
33 11 11 6 210
34 0 1 3 210
34 0 2 3 210
34 0 3 3 210
34 0 4 3 210
35 0 1 2 210
35 0 2 2 210
35 0 3 2 210
35 0 4 2 210
35 1 11 1 210
35 2 11 1 210
35 3 11 1 210
35 4 11 1 210
36 0 1 2 210
36 0 2 2 210
36 0 3 2 210
36 0 4 2 210
36 1 11 1 210
36 2 11 1 210
36 3 11 1 210
36 4 11 1 210
37 1 11 3 210
37 2 11 3 210
37 3 11 3 210
37 4 11 3 210
37 22 22 6 210
38 0 12 1 210
38 0 13 1 210
38 0 14 1 210
38 0 15 1 210
38 0 16 1 210
38 0 17 1 210
38 0 18 1 210
38 0 19 1 210
38 0 20 1 210
38 0 21 1 210
38 1 1 4 210
38 1 2 2 210
38 1 3 2 210
38 1 4 2 210
38 2 2 4 210
38 2 3 2 210
38 2 4 2 210
38 3 3 4 210
38 3 4 2 210
38 4 4 4 210
39 1 1 4 210
39 1 2 2 210
39 1 3 2 210
39 1 4 2 210
39 2 2 4 210
39 2 3 2 210
39 2 4 2 210
39 3 3 4 210
39 3 4 2 210
39 4 4 4 210
39 11 12 1 210
39 11 13 1 210
39 11 14 1 210
39 11 15 1 210
39 11 16 1 210
39 11 17 1 210
39 11 18 1 210
39 11 19 1 210
39 11 20 1 210
39 11 21 1 210
40 1 12 3 210
40 1 13 2 210
40 1 14 1 210
40 1 15 2 210
40 1 16 1 210
40 1 17 1 210
40 1 18 2 210
40 1 19 1 210
40 1 20 1 210
40 1 21 1 210
40 2 12 1 210
40 2 13 2 210
40 2 14 3 210
40 2 15 1 210
40 2 16 2 210
40 2 17 1 210
40 2 18 1 210
40 2 19 2 210
40 2 20 1 210
40 2 21 1 210
40 3 12 1 210
40 3 13 1 210
40 3 14 1 210
40 3 15 2 210
40 3 16 2 210
40 3 17 3 210
40 3 18 1 210
40 3 19 1 210
40 3 20 2 210
40 3 21 1 210
40 4 12 1 210
40 4 13 1 210
40 4 14 1 210
40 4 15 1 210
40 4 16 1 210
40 4 17 1 210
40 4 18 2 210
40 4 19 2 210
40 4 20 2 210
40 4 21 3 210
41 12 12 6 210
41 12 13 3 210
41 12 14 1 210
41 12 15 3 210
41 12 16 1 210
41 12 17 1 210
41 12 18 3 210
41 12 19 1 210
41 12 20 1 210
41 12 21 1 210
41 13 13 4 210
41 13 14 3 210
41 13 15 2 210
41 13 16 2 210
41 13 17 1 210
41 13 18 2 210
41 13 19 2 210
41 13 20 1 210
41 13 21 1 210
41 14 14 6 210
41 14 15 1 210
41 14 16 3 210
41 14 17 1 210
41 14 18 1 210
41 14 19 3 210
41 14 20 1 210
41 14 21 1 210
41 15 15 4 210
41 15 16 2 210
41 15 17 3 210
41 15 18 2 210
41 15 19 1 210
41 15 20 2 210
41 15 21 1 210
41 16 16 4 210
41 16 17 3 210
41 16 18 1 210
41 16 19 2 210
41 16 20 2 210
41 16 21 1 210
41 17 17 6 210
41 17 18 1 210
41 17 19 1 210
41 17 20 3 210
41 17 21 1 210
41 18 18 4 210
41 18 19 2 210
41 18 20 2 210
41 18 21 3 210
41 19 19 4 210
41 19 20 2 210
41 19 21 3 210
41 20 20 4 210
41 20 21 3 210
41 21 21 6 210
5
0 0 0 2 42
0 0 1 1 42
0 0 2 1 42
0 1 1 2 42
0 1 2 1 42
0 2 2 2 42
1 0 3 1 42
1 0 4 1 42
1 1 3 1 42
1 1 4 1 42
1 2 3 1 42
1 2 4 1 42
2 3 3 2 42
2 3 4 1 42
2 4 4 2 42
5 0 5 1 42
5 0 6 1 42
5 1 5 1 42
5 1 6 1 42
5 2 5 1 42
5 2 6 1 42
6 3 5 1 42
6 3 6 1 42
6 4 5 1 42
6 4 6 1 42
9 5 5 2 42
9 5 6 1 42
9 6 6 2 42
16 0 7 1 42
16 0 8 1 42
16 1 7 1 42
16 1 8 1 42
16 2 7 1 42
16 2 8 1 42
17 3 7 1 42
17 3 8 1 42
17 4 7 1 42
17 4 8 1 42
20 5 7 1 42
20 5 8 1 42
20 6 7 1 42
20 6 8 1 42
27 7 7 2 42
27 7 8 1 42
27 8 8 2 42
6
1 0 0 2 42
1 0 1 1 42
1 1 1 2 42
2 0 2 1 42
2 0 3 1 42
2 0 4 1 42
2 1 2 1 42
2 1 3 1 42
2 1 4 1 42
3 2 2 2 42
3 2 3 1 42
3 2 4 1 42
3 3 3 2 42
3 3 4 1 42
3 4 4 2 42
6 0 5 1 42
6 0 6 1 42
6 1 5 1 42
6 1 6 1 42
7 2 5 1 42
7 2 6 1 42
7 3 5 1 42
7 3 6 1 42
7 4 5 1 42
7 4 6 1 42
10 5 5 2 42
10 5 6 1 42
10 6 6 2 42
17 0 7 1 42
17 0 8 1 42
17 1 7 1 42
17 1 8 1 42
18 2 7 1 42
18 2 8 1 42
18 3 7 1 42
18 3 8 1 42
18 4 7 1 42
18 4 8 1 42
21 5 7 1 42
21 5 8 1 42
21 6 7 1 42
21 6 8 1 42
28 7 7 2 42
28 7 8 1 42
28 8 8 2 42
7
0 1 5 1 42
0 1 8 1 42
0 1 11 1 42
0 2 5 1 42
0 2 8 1 42
0 2 11 1 42
0 3 5 1 42
0 3 8 1 42
0 3 11 1 42
0 4 5 1 42
0 4 8 1 42
0 4 11 1 42
1 5 5 2 42
1 6 8 1 42
1 6 11 1 42
1 7 8 1 42
1 7 11 1 42
2 0 0 2 42
3 0 1 1 42
3 0 2 1 42
3 0 3 1 42
3 0 4 1 42
4 1 1 2 42
4 1 2 1 42
4 1 3 1 42
4 1 4 1 42
4 2 2 2 42
4 2 3 1 42
4 2 4 1 42
4 3 3 2 42
4 3 4 1 42
4 4 4 2 42
5 5 6 1 42
5 5 7 1 42
5 8 8 2 42
5 9 11 1 42
5 10 11 1 42
7 0 6 1 42
7 0 7 1 42
8 1 6 1 42
8 1 7 1 42
8 2 6 1 42
8 2 7 1 42
8 3 6 1 42
8 3 7 1 42
8 4 6 1 42
8 4 7 1 42
11 6 6 2 42
11 6 7 1 42
11 7 7 2 42
16 5 9 1 42
16 5 10 1 42
16 8 9 1 42
16 8 10 1 42
16 11 11 2 42
18 0 9 1 42
18 0 10 1 42
19 1 9 1 42
19 1 10 1 42
19 2 9 1 42
19 2 10 1 42
19 3 9 1 42
19 3 10 1 42
19 4 9 1 42
19 4 10 1 42
22 6 9 1 42
22 6 10 1 42
22 7 9 1 42
22 7 10 1 42
29 9 9 2 42
29 9 10 1 42
29 10 10 2 42
8
5 0 0 2 42
5 0 1 1 42
5 1 1 2 42
6 0 2 1 42
6 0 3 1 42
6 1 2 1 42
6 1 3 1 42
7 2 2 2 42
7 2 3 1 42
7 3 3 2 42
9 0 4 1 42
9 0 5 1 42
9 0 6 1 42
9 1 4 1 42
9 1 5 1 42
9 1 6 1 42
10 2 4 1 42
10 2 5 1 42
10 2 6 1 42
10 3 4 1 42
10 3 5 1 42
10 3 6 1 42
12 4 4 2 42
12 4 5 1 42
12 4 6 1 42
12 5 5 2 42
12 5 6 1 42
12 6 6 2 42
20 0 7 1 42
20 0 8 1 42
20 1 7 1 42
20 1 8 1 42
21 2 7 1 42
21 2 8 1 42
21 3 7 1 42
21 3 8 1 42
23 4 7 1 42
23 4 8 1 42
23 5 7 1 42
23 5 8 1 42
23 6 7 1 42
23 6 8 1 42
30 7 7 2 42
30 7 8 1 42
30 8 8 2 42
9
1 1 8 1 42
1 1 11 1 42
1 2 8 1 42
1 2 11 1 42
1 3 8 1 42
1 3 11 1 42
2 5 8 1 42
2 5 11 1 42
2 6 8 1 42
2 6 11 1 42
2 7 8 1 42
2 7 11 1 42
5 1 4 1 42
5 2 4 1 42
5 3 4 1 42
6 0 0 2 42
6 4 4 2 42
6 8 8 2 42
6 9 11 1 42
6 10 11 1 42
7 0 1 1 42
7 0 2 1 42
7 0 3 1 42
8 1 1 2 42
8 1 2 1 42
8 1 3 1 42
8 2 2 2 42
8 2 3 1 42
8 3 3 2 42
9 4 5 1 42
9 4 6 1 42
9 4 7 1 42
10 0 5 1 42
10 0 6 1 42
10 0 7 1 42
11 1 5 1 42
11 1 6 1 42
11 1 7 1 42
11 2 5 1 42
11 2 6 1 42
11 2 7 1 42
11 3 5 1 42
11 3 6 1 42
11 3 7 1 42
13 5 5 2 42
13 5 6 1 42
13 5 7 1 42
13 6 6 2 42
13 6 7 1 42
13 7 7 2 42
17 8 9 1 42
17 8 10 1 42
17 11 11 2 42
20 4 9 1 42
20 4 10 1 42
21 0 9 1 42
21 0 10 1 42
22 1 9 1 42
22 1 10 1 42
22 2 9 1 42
22 2 10 1 42
22 3 9 1 42
22 3 10 1 42
24 5 9 1 42
24 5 10 1 42
24 6 9 1 42
24 6 10 1 42
24 7 9 1 42
24 7 10 1 42
31 9 9 2 42
31 9 10 1 42
31 10 10 2 42
10
2 1 8 1 42
2 1 11 1 42
2 2 8 1 42
2 2 11 1 42
3 4 8 1 42
3 4 11 1 42
3 5 8 1 42
3 5 11 1 42
3 6 8 1 42
3 6 11 1 42
3 7 8 1 42
3 7 11 1 42
7 8 8 2 42
7 9 11 1 42
7 10 11 1 42
9 0 0 2 42
9 1 3 1 42
9 2 3 1 42
10 0 1 1 42
10 0 2 1 42
10 3 3 2 42
11 1 1 2 42
11 1 2 1 42
11 2 2 2 42
12 0 4 1 42
12 0 5 1 42
12 0 6 1 42
12 0 7 1 42
12 3 4 1 42
12 3 5 1 42
12 3 6 1 42
12 3 7 1 42
13 1 4 1 42
13 1 5 1 42
13 1 6 1 42
13 1 7 1 42
13 2 4 1 42
13 2 5 1 42
13 2 6 1 42
13 2 7 1 42
14 4 4 2 42
14 4 5 1 42
14 4 6 1 42
14 4 7 1 42
14 5 5 2 42
14 5 6 1 42
14 5 7 1 42
14 6 6 2 42
14 6 7 1 42
14 7 7 2 42
18 8 9 1 42
18 8 10 1 42
18 11 11 2 42
23 0 9 1 42
23 0 10 1 42
23 3 9 1 42
23 3 10 1 42
24 1 9 1 42
24 1 10 1 42
24 2 9 1 42
24 2 10 1 42
25 4 9 1 42
25 4 10 1 42
25 5 9 1 42
25 5 10 1 42
25 6 9 1 42
25 6 10 1 42
25 7 9 1 42
25 7 10 1 42
32 9 9 2 42
32 9 10 1 42
32 10 10 2 42
11
0 6 6 2 42
0 6 9 1 42
0 9 9 2 42
3 0 6 1 42
3 0 9 1 42
4 1 6 1 42
4 1 9 1 42
4 2 6 1 42
4 2 9 1 42
4 3 6 1 42
4 3 9 1 42
4 4 6 1 42
4 4 9 1 42
4 5 6 1 42
4 5 9 1 42
8 6 6 2 42
8 7 9 1 42
8 8 9 1 42
12 0 0 2 42
13 0 0 2 42
14 0 1 1 42
14 0 2 1 42
14 0 3 1 42
14 0 4 1 42
14 0 5 1 42
15 1 1 2 42
15 1 2 1 42
15 1 3 1 42
15 1 4 1 42
15 1 5 1 42
15 2 2 2 42
15 2 3 1 42
15 2 4 1 42
15 2 5 1 42
15 3 3 2 42
15 3 4 1 42
15 3 5 1 42
15 4 4 2 42
15 4 5 1 42
15 5 5 2 42
19 6 7 1 42
19 6 8 1 42
19 9 9 2 42
25 0 7 1 42
25 0 8 1 42
26 1 7 1 42
26 1 8 1 42
26 2 7 1 42
26 2 8 1 42
26 3 7 1 42
26 3 8 1 42
26 4 7 1 42
26 4 8 1 42
26 5 7 1 42
26 5 8 1 42
33 7 7 2 42
33 7 8 1 42
33 8 8 2 42
12
16 0 0 2 42
16 0 1 1 42
16 1 1 2 42
17 0 2 1 42
17 0 3 1 42
17 1 2 1 42
17 1 3 1 42
18 2 2 2 42
18 2 3 1 42
18 3 3 2 42
20 0 4 1 42
20 0 5 1 42
20 1 4 1 42
20 1 5 1 42
21 2 4 1 42
21 2 5 1 42
21 3 4 1 42
21 3 5 1 42
23 4 4 2 42
23 4 5 1 42
23 5 5 2 42
27 0 6 1 42
27 0 7 1 42
27 0 8 1 42
27 1 6 1 42
27 1 7 1 42
27 1 8 1 42
28 2 6 1 42
28 2 7 1 42
28 2 8 1 42
28 3 6 1 42
28 3 7 1 42
28 3 8 1 42
30 4 6 1 42
30 4 7 1 42
30 4 8 1 42
30 5 6 1 42
30 5 7 1 42
30 5 8 1 42
34 6 6 2 42
34 6 7 1 42
34 6 8 1 42
34 7 7 2 42
34 7 8 1 42
34 8 8 2 42
13
5 1 11 1 42
5 2 11 1 42
5 3 11 1 42
6 5 11 1 42
6 6 11 1 42
9 8 11 1 42
9 9 11 1 42
9 10 11 1 42
16 1 4 1 42
16 1 7 1 42
16 2 4 1 42
16 2 7 1 42
16 3 4 1 42
16 3 7 1 42
17 0 0 2 42
17 4 4 2 42
17 5 7 1 42
17 6 7 1 42
18 0 1 1 42
18 0 2 1 42
18 0 3 1 42
19 1 1 2 42
19 1 2 1 42
19 1 3 1 42
19 2 2 2 42
19 2 3 1 42
19 3 3 2 42
20 4 5 1 42
20 4 6 1 42
20 7 7 2 42
20 11 11 2 42
21 0 5 1 42
21 0 6 1 42
22 1 5 1 42
22 1 6 1 42
22 2 5 1 42
22 2 6 1 42
22 3 5 1 42
22 3 6 1 42
24 5 5 2 42
24 5 6 1 42
24 6 6 2 42
27 4 8 1 42
27 4 9 1 42
27 4 10 1 42
27 7 8 1 42
27 7 9 1 42
27 7 10 1 42
28 0 8 1 42
28 0 9 1 42
28 0 10 1 42
29 1 8 1 42
29 1 9 1 42
29 1 10 1 42
29 2 8 1 42
29 2 9 1 42
29 2 10 1 42
29 3 8 1 42
29 3 9 1 42
29 3 10 1 42
31 5 8 1 42
31 5 9 1 42
31 5 10 1 42
31 6 8 1 42
31 6 9 1 42
31 6 10 1 42
35 8 8 2 42
35 8 9 1 42
35 8 10 1 42
35 9 9 2 42
35 9 10 1 42
35 10 10 2 42
14
6 1 11 1 42
6 2 11 1 42
7 4 11 1 42
7 5 11 1 42
7 6 11 1 42
10 8 11 1 42
10 9 11 1 42
10 10 11 1 42
17 1 7 1 42
17 2 7 1 42
18 4 7 1 42
18 5 7 1 42
18 6 7 1 42
20 0 0 2 42
20 1 3 1 42
20 2 3 1 42
21 0 1 1 42
21 0 2 1 42
21 3 3 2 42
21 7 7 2 42
21 11 11 2 42
22 1 1 2 42
22 1 2 1 42
22 2 2 2 42
23 0 4 1 42
23 0 5 1 42
23 0 6 1 42
23 3 4 1 42
23 3 5 1 42
23 3 6 1 42
24 1 4 1 42
24 1 5 1 42
24 1 6 1 42
24 2 4 1 42
24 2 5 1 42
24 2 6 1 42
25 4 4 2 42
25 4 5 1 42
25 4 6 1 42
25 5 5 2 42
25 5 6 1 42
25 6 6 2 42
28 7 8 1 42
28 7 9 1 42
28 7 10 1 42
30 0 8 1 42
30 0 9 1 42
30 0 10 1 42
30 3 8 1 42
30 3 9 1 42
30 3 10 1 42
31 1 8 1 42
31 1 9 1 42
31 1 10 1 42
31 2 8 1 42
31 2 9 1 42
31 2 10 1 42
32 4 8 1 42
32 4 9 1 42
32 4 10 1 42
32 5 8 1 42
32 5 9 1 42
32 5 10 1 42
32 6 8 1 42
32 6 9 1 42
32 6 10 1 42
36 8 8 2 42
36 8 9 1 42
36 8 10 1 42
36 9 9 2 42
36 9 10 1 42
36 10 10 2 42
15
1 9 9 2 42
5 5 9 1 42
7 0 9 1 42
8 1 9 1 42
8 2 9 1 42
8 3 9 1 42
8 4 9 1 42
11 6 9 1 42
11 7 9 1 42
11 8 9 1 42
16 5 5 2 42
18 0 5 1 42
19 1 5 1 42
19 2 5 1 42
19 3 5 1 42
19 4 5 1 42
22 5 5 2 42
22 9 9 2 42
23 0 0 2 42
24 0 0 2 42
25 0 1 1 42
25 0 2 1 42
25 0 3 1 42
25 0 4 1 42
26 1 1 2 42
26 1 2 1 42
26 1 3 1 42
26 1 4 1 42
26 2 2 2 42
26 2 3 1 42
26 2 4 1 42
26 3 3 2 42
26 3 4 1 42
26 4 4 2 42
29 5 6 1 42
29 5 7 1 42
29 5 8 1 42
32 0 6 1 42
32 0 7 1 42
32 0 8 1 42
33 1 6 1 42
33 1 7 1 42
33 1 8 1 42
33 2 6 1 42
33 2 7 1 42
33 2 8 1 42
33 3 6 1 42
33 3 7 1 42
33 3 8 1 42
33 4 6 1 42
33 4 7 1 42
33 4 8 1 42
37 6 6 2 42
37 6 7 1 42
37 6 8 1 42
37 7 7 2 42
37 7 8 1 42
37 8 8 2 42
16
9 1 11 1 42
9 2 11 1 42
10 4 11 1 42
10 5 11 1 42
12 7 11 1 42
12 8 11 1 42
12 9 11 1 42
12 10 11 1 42
23 11 11 2 42
27 0 0 2 42
27 1 3 1 42
27 1 6 1 42
27 2 3 1 42
27 2 6 1 42
28 0 1 1 42
28 0 2 1 42
28 3 3 2 42
28 4 6 1 42
28 5 6 1 42
29 1 1 2 42
29 1 2 1 42
29 2 2 2 42
30 0 4 1 42
30 0 5 1 42
30 3 4 1 42
30 3 5 1 42
30 6 6 2 42
31 1 4 1 42
31 1 5 1 42
31 2 4 1 42
31 2 5 1 42
32 4 4 2 42
32 4 5 1 42
32 5 5 2 42
34 0 7 1 42
34 0 8 1 42
34 0 9 1 42
34 0 10 1 42
34 3 7 1 42
34 3 8 1 42
34 3 9 1 42
34 3 10 1 42
34 6 7 1 42
34 6 8 1 42
34 6 9 1 42
34 6 10 1 42
35 1 7 1 42
35 1 8 1 42
35 1 9 1 42
35 1 10 1 42
35 2 7 1 42
35 2 8 1 42
35 2 9 1 42
35 2 10 1 42
36 4 7 1 42
36 4 8 1 42
36 4 9 1 42
36 4 10 1 42
36 5 7 1 42
36 5 8 1 42
36 5 9 1 42
36 5 10 1 42
38 7 7 2 42
38 7 8 1 42
38 7 9 1 42
38 7 10 1 42
38 8 8 2 42
38 8 9 1 42
38 8 10 1 42
38 9 9 2 42
38 9 10 1 42
38 10 10 2 42
17
2 9 9 2 42
9 4 9 1 42
10 0 9 1 42
11 1 9 1 42
11 2 9 1 42
11 3 9 1 42
13 5 9 1 42
13 6 9 1 42
13 7 9 1 42
13 8 9 1 42
24 9 9 2 42
27 4 4 2 42
28 0 4 1 42
29 1 4 1 42
29 2 4 1 42
29 3 4 1 42
30 0 0 2 42
31 0 0 2 42
31 4 4 2 42
32 0 1 1 42
32 0 2 1 42
32 0 3 1 42
33 1 1 2 42
33 1 2 1 42
33 1 3 1 42
33 2 2 2 42
33 2 3 1 42
33 3 3 2 42
35 4 5 1 42
35 4 6 1 42
35 4 7 1 42
35 4 8 1 42
36 0 5 1 42
36 0 6 1 42
36 0 7 1 42
36 0 8 1 42
37 1 5 1 42
37 1 6 1 42
37 1 7 1 42
37 1 8 1 42
37 2 5 1 42
37 2 6 1 42
37 2 7 1 42
37 2 8 1 42
37 3 5 1 42
37 3 6 1 42
37 3 7 1 42
37 3 8 1 42
39 5 5 2 42
39 5 6 1 42
39 5 7 1 42
39 5 8 1 42
39 6 6 2 42
39 6 7 1 42
39 6 8 1 42
39 7 7 2 42
39 7 8 1 42
39 8 8 2 42
18
3 9 9 2 42
12 0 9 1 42
12 3 9 1 42
13 1 9 1 42
13 2 9 1 42
14 4 9 1 42
14 5 9 1 42
14 6 9 1 42
14 7 9 1 42
14 8 9 1 42
25 9 9 2 42
34 0 0 2 42
34 0 3 1 42
34 3 3 2 42
35 0 0 2 42
35 1 3 1 42
35 2 3 1 42
36 0 1 1 42
36 0 2 1 42
36 3 3 2 42
37 1 1 2 42
37 1 2 1 42
37 2 2 2 42
38 0 4 1 42
38 0 5 1 42
38 0 6 1 42
38 0 7 1 42
38 0 8 1 42
38 3 4 1 42
38 3 5 1 42
38 3 6 1 42
38 3 7 1 42
38 3 8 1 42
39 1 4 1 42
39 1 5 1 42
39 1 6 1 42
39 1 7 1 42
39 1 8 1 42
39 2 4 1 42
39 2 5 1 42
39 2 6 1 42
39 2 7 1 42
39 2 8 1 42
40 4 4 2 42
40 4 5 1 42
40 4 6 1 42
40 4 7 1 42
40 4 8 1 42
40 5 5 2 42
40 5 6 1 42
40 5 7 1 42
40 5 8 1 42
40 6 6 2 42
40 6 7 1 42
40 6 8 1 42
40 7 7 2 42
40 7 8 1 42
40 8 8 2 42
19
4 7 7 2 42
14 0 7 1 42
15 1 7 1 42
15 2 7 1 42
15 3 7 1 42
15 4 7 1 42
15 5 7 1 42
15 6 7 1 42
26 7 7 2 42
38 0 0 2 42
39 0 0 2 42
40 0 1 1 42
40 0 2 1 42
40 0 3 1 42
40 0 4 1 42
40 0 5 1 42
40 0 6 1 42
41 1 1 2 42
41 1 2 1 42
41 1 3 1 42
41 1 4 1 42
41 1 5 1 42
41 1 6 1 42
41 2 2 2 42
41 2 3 1 42
41 2 4 1 42
41 2 5 1 42
41 2 6 1 42
41 3 3 2 42
41 3 4 1 42
41 3 5 1 42
41 3 6 1 42
41 4 4 2 42
41 4 5 1 42
41 4 6 1 42
41 5 5 2 42
41 5 6 1 42
41 6 6 2 42
