0
0 0 0 6 30
0 0 4 3 30
0 0 8 1 30
0 4 4 4 30
0 4 8 3 30
0 8 8 6 30
1 0 0 4 30
1 0 4 2 30
1 0 9 1 30
1 4 4 4 30
1 4 9 1 30
1 5 8 3 30
1 7 8 3 30
1 8 9 1 30
2 0 0 4 30
2 0 4 2 30
2 0 9 1 30
2 1 8 1 30
2 3 8 1 30
2 4 5 2 30
2 4 7 2 30
2 4 9 1 30
2 8 8 4 30
2 8 17 1 30
3 0 0 2 30
3 0 4 1 30
3 0 9 2 30
3 4 5 2 30
3 4 9 2 30
3 5 8 2 30
3 6 8 1 30
3 7 7 4 30
3 8 10 1 30
3 8 14 1 30
4 0 0 2 30
4 0 4 1 30
4 0 9 2 30
4 2 8 1 30
4 4 7 2 30
4 4 9 2 30
4 5 5 4 30
4 7 8 2 30
4 8 12 1 30
4 8 16 1 30
5 0 9 3 30
5 4 9 3 30
5 5 5 4 30
5 5 7 2 30
5 7 7 4 30
5 8 11 1 30
5 8 13 1 30
5 8 15 1 30
6 0 0 4 30
6 0 5 1 30
6 0 7 1 30
6 0 9 1 30
6 1 4 2 30
6 3 4 2 30
6 4 8 2 30
6 4 17 1 30
6 8 8 4 30
6 8 17 1 30
7 0 0 4 30
7 1 4 2 30
7 3 4 2 30
7 5 8 2 30
7 5 9 1 30
7 5 17 1 30
7 7 8 2 30
7 7 9 1 30
7 7 17 1 30
7 9 9 2 30
8 0 0 2 30
8 0 5 1 30
8 0 9 2 30
8 1 4 1 30
8 1 8 1 30
8 3 7 2 30
8 4 5 1 30
8 4 6 1 30
8 4 10 1 30
8 4 14 1 30
8 8 8 2 30
8 8 17 2 30
9 0 5 1 30
9 0 9 3 30
9 4 5 1 30
9 4 10 2 30
9 4 14 1 30
9 5 8 1 30
9 6 7 3 30
9 8 10 1 30
9 8 14 2 30
10 0 0 2 30
10 0 9 1 30
10 1 4 1 30
10 2 8 1 30
10 3 7 1 30
10 4 6 1 30
10 4 10 1 30
10 5 5 2 30
10 5 9 1 30
10 5 14 1 30
10 7 8 1 30
10 7 12 1 30
10 7 17 1 30
10 8 16 1 30
10 9 9 2 30
11 0 9 2 30
11 4 10 2 30
11 5 5 2 30
11 5 7 1 30
11 5 9 1 30
11 5 14 1 30
11 6 7 2 30
11 7 14 1 30
11 7 15 1 30
11 8 11 1 30
11 8 13 1 30
11 9 9 2 30
12 0 0 2 30
12 0 7 1 30
12 0 9 2 30
12 1 5 2 30
12 2 4 1 30
12 3 4 1 30
12 3 8 1 30
12 4 7 1 30
12 4 12 1 30
12 4 16 1 30
12 8 8 2 30
12 8 17 2 30
13 0 0 2 30
13 0 9 1 30
13 1 5 1 30
13 2 4 1 30
13 3 4 1 30
13 4 12 1 30
13 5 8 1 30
13 5 10 1 30
13 5 17 1 30
13 6 8 1 30
13 7 7 2 30
13 7 9 1 30
13 7 16 1 30
13 8 14 1 30
13 9 9 2 30
14 0 9 3 30
14 1 5 2 30
14 1 7 1 30
14 3 5 1 30
14 3 7 2 30
14 4 11 1 30
14 4 13 1 30
14 4 15 1 30
14 8 17 3 30
15 0 9 2 30
15 1 5 1 30
15 3 5 1 30
15 4 11 1 30
15 4 13 1 30
15 5 10 1 30
15 5 17 1 30
15 6 7 2 30
15 7 10 1 30
15 7 15 1 30
15 8 14 2 30
15 9 9 2 30
16 0 0 2 30
16 2 4 1 30
16 2 8 1 30
16 4 6 1 30
16 5 10 2 30
16 5 14 2 30
16 6 8 1 30
16 7 12 2 30
16 7 16 2 30
16 9 9 4 30
17 0 9 1 30
17 4 11 1 30
17 5 6 1 30
17 5 10 2 30
17 5 14 2 30
17 6 7 1 30
17 7 13 2 30
17 7 15 2 30
17 8 11 1 30
17 9 9 4 30
18 0 7 1 30
18 0 9 3 30
18 2 5 3 30
18 4 7 1 30
18 4 12 2 30
18 4 16 1 30
18 7 8 1 30
18 8 12 1 30
18 8 16 2 30
19 0 9 2 30
19 2 5 2 30
19 4 12 2 30
19 5 7 1 30
19 5 11 1 30
19 5 16 1 30
19 7 7 2 30
19 7 9 1 30
19 7 16 1 30
19 8 13 1 30
19 8 15 1 30
19 9 9 2 30
20 0 9 2 30
20 1 7 1 30
20 2 5 2 30
20 3 7 1 30
20 4 13 1 30
20 4 15 1 30
20 5 11 1 30
20 5 12 1 30
20 7 12 1 30
20 7 17 1 30
20 8 16 2 30
20 9 9 2 30
21 0 9 1 30
21 2 5 1 30
21 4 13 1 30
21 5 11 2 30
21 5 12 1 30
21 5 16 1 30
21 6 7 1 30
21 7 10 1 30
21 7 14 1 30
21 7 15 2 30
21 8 13 1 30
21 9 9 4 30
22 0 9 1 30
22 2 5 1 30
22 2 7 1 30
22 4 15 1 30
22 5 11 2 30
22 5 13 2 30
22 7 12 2 30
22 7 16 2 30
22 8 15 1 30
22 9 9 4 30
23 5 11 3 30
23 5 13 2 30
23 5 15 1 30
23 7 11 1 30
23 7 13 2 30
23 7 15 3 30
23 9 9 6 30
24 0 1 3 30
24 0 3 3 30
24 0 17 1 30
24 4 4 4 30
24 4 8 2 30
24 4 17 1 30
24 8 8 4 30
24 8 17 1 30
25 0 1 2 30
25 0 3 2 30
25 1 9 1 30
25 3 9 1 30
25 4 4 4 30
25 5 8 2 30
25 5 17 1 30
25 7 8 2 30
25 7 17 1 30
25 9 17 1 30
26 0 1 2 30
26 0 3 2 30
26 1 9 1 30
26 1 17 1 30
26 3 9 1 30
26 3 17 1 30
26 4 5 2 30
26 4 7 2 30
26 8 8 4 30
26 17 17 2 30
27 0 1 1 30
27 0 3 1 30
27 1 9 2 30
27 3 9 2 30
27 4 5 2 30
27 5 8 2 30
27 6 17 1 30
27 7 7 4 30
27 10 17 1 30
27 14 17 1 30
28 0 1 1 30
28 0 3 1 30
28 1 9 2 30
28 2 17 1 30
28 3 9 2 30
28 4 7 2 30
28 5 5 4 30
28 7 8 2 30
28 12 17 1 30
28 16 17 1 30
29 1 9 3 30
29 3 9 3 30
29 5 5 4 30
29 5 7 2 30
29 7 7 4 30
29 11 17 1 30
29 13 17 1 30
29 15 17 1 30
30 0 1 2 30
30 0 6 1 30
30 0 10 1 30
30 0 14 1 30
30 1 4 2 30
30 3 3 4 30
30 4 8 1 30
30 4 17 2 30
30 8 8 2 30
30 8 17 2 30
31 0 1 2 30
31 1 4 2 30
31 3 3 4 30
31 5 8 1 30
31 5 17 2 30
31 6 9 1 30
31 7 8 1 30
31 7 17 2 30
31 9 10 1 30
31 9 14 1 30
32 0 1 1 30
32 0 10 2 30
32 0 14 1 30
32 1 4 1 30
32 1 8 1 30
32 3 6 3 30
32 4 10 1 30
32 4 14 2 30
32 8 17 3 30
33 0 10 3 30
33 0 14 1 30
33 4 10 2 30
33 4 14 2 30
33 6 6 6 30
33 8 10 1 30
33 8 14 3 30
34 0 1 1 30
34 0 10 1 30
34 1 4 1 30
34 2 8 1 30
34 3 6 2 30
34 4 10 1 30
34 5 14 2 30
34 6 12 1 30
34 7 17 2 30
34 8 16 1 30
34 9 10 1 30
34 9 14 1 30
35 0 10 2 30
35 4 10 2 30
35 5 14 2 30
35 6 6 4 30
35 6 15 1 30
35 7 14 2 30
35 8 11 1 30
35 8 13 1 30
35 9 10 1 30
35 9 14 1 30
36 0 1 1 30
36 0 6 1 30
36 0 10 1 30
36 1 5 1 30
36 1 9 1 30
36 1 14 1 30
36 2 4 1 30
36 3 3 2 30
36 3 12 1 30
36 3 17 1 30
36 4 7 1 30
36 4 16 1 30
36 8 8 2 30
36 8 17 1 30
36 17 17 2 30
37 0 1 1 30
37 1 5 1 30
37 1 9 1 30
37 2 4 1 30
37 3 3 2 30
37 3 12 1 30
37 5 8 1 30
37 5 17 1 30
37 6 9 1 30
37 6 17 1 30
37 7 7 2 30
37 7 16 1 30
37 9 10 1 30
37 10 14 1 30
37 14 17 1 30
38 0 10 2 30
38 1 5 1 30
38 1 7 1 30
38 1 9 1 30
38 1 14 1 30
38 3 6 2 30
38 3 14 1 30
38 3 15 1 30
38 4 11 1 30
38 4 13 1 30
38 8 17 2 30
38 17 17 2 30
39 0 10 2 30
39 1 14 1 30
39 3 14 1 30
39 4 11 1 30
39 4 13 1 30
39 5 10 1 30
39 6 6 4 30
39 6 15 1 30
39 7 10 1 30
39 8 14 2 30
39 9 10 1 30
39 14 17 1 30
40 0 1 1 30
40 2 4 1 30
40 2 8 1 30
40 3 6 1 30
40 5 10 1 30
40 5 14 1 30
40 6 12 2 30
40 6 17 1 30
40 7 16 2 30
40 9 10 2 30
40 10 14 1 30
40 14 14 2 30
41 0 10 1 30
41 4 11 1 30
41 5 10 1 30
41 5 14 1 30
41 6 6 2 30
41 6 14 1 30
41 6 15 2 30
41 7 13 2 30
41 8 11 1 30
41 9 10 2 30
41 10 14 1 30
41 14 14 2 30
42 0 6 1 30
42 0 10 1 30
42 1 9 2 30
42 2 5 2 30
42 2 14 1 30
42 3 12 2 30
42 4 7 1 30
42 4 16 1 30
42 7 8 1 30
42 8 16 1 30
42 12 17 1 30
42 16 17 1 30
43 1 9 2 30
43 2 5 2 30
43 3 12 2 30
43 5 7 1 30
43 5 16 1 30
43 6 9 1 30
43 7 7 2 30
43 7 16 1 30
43 9 10 1 30
43 11 14 1 30
43 13 17 1 30
43 15 17 1 30
44 0 10 1 30
44 1 7 1 30
44 1 9 1 30
44 2 5 1 30
44 2 14 1 30
44 3 6 1 30
44 3 15 1 30
44 4 13 1 30
44 5 11 1 30
44 6 12 1 30
44 7 17 1 30
44 8 16 1 30
44 9 10 1 30
44 12 14 1 30
44 16 17 1 30
45 0 10 1 30
45 2 14 1 30
45 4 13 1 30
45 5 11 2 30
45 6 6 2 30
45 6 15 2 30
45 7 10 1 30
45 7 14 1 30
45 8 13 1 30
45 9 10 2 30
45 12 14 1 30
45 14 16 1 30
46 1 9 1 30
46 2 5 1 30
46 2 7 1 30
46 3 15 1 30
46 5 11 1 30
46 5 13 1 30
46 6 12 2 30
46 7 16 2 30
46 9 10 2 30
46 11 14 1 30
46 13 14 1 30
46 15 17 1 30
47 5 11 2 30
47 5 13 1 30
47 6 15 3 30
47 7 11 1 30
47 7 13 2 30
47 9 10 3 30
47 11 14 1 30
47 13 14 1 30
47 14 15 1 30
48 0 2 1 30
48 0 3 2 30
48 0 12 1 30
48 0 16 1 30
48 1 1 4 30
48 3 4 2 30
48 4 8 1 30
48 4 17 2 30
48 8 8 2 30
48 8 17 2 30
49 0 3 2 30
49 1 1 4 30
49 2 9 1 30
49 3 4 2 30
49 5 8 1 30
49 5 17 2 30
49 7 8 1 30
49 7 17 2 30
49 9 12 1 30
49 9 16 1 30
50 0 2 1 30
50 0 3 1 30
50 0 12 1 30
50 1 1 2 30
50 1 10 1 30
50 1 17 1 30
50 3 7 1 30
50 3 9 1 30
50 3 16 1 30
50 4 5 1 30
50 4 6 1 30
50 4 14 1 30
50 8 8 2 30
50 8 17 1 30
50 17 17 2 30
51 0 2 1 30
51 0 12 1 30
51 1 10 2 30
51 3 9 2 30
51 4 5 1 30
51 4 14 1 30
51 5 8 1 30
51 6 7 2 30
51 6 16 1 30
51 8 14 1 30
51 10 17 1 30
51 14 17 1 30
52 0 3 1 30
52 1 1 2 30
52 1 10 1 30
52 2 9 1 30
52 2 17 1 30
52 3 7 1 30
52 3 9 1 30
52 4 6 1 30
52 5 5 2 30
52 5 14 1 30
52 7 8 1 30
52 7 17 1 30
52 9 12 1 30
52 12 16 1 30
52 16 17 1 30
53 1 10 2 30
53 2 9 1 30
53 3 9 2 30
53 5 5 2 30
53 5 7 1 30
53 5 14 1 30
53 6 7 2 30
53 7 14 1 30
53 9 12 1 30
53 11 17 1 30
53 13 17 1 30
53 15 16 1 30
54 0 11 1 30
54 0 13 1 30
54 0 15 1 30
54 1 1 4 30
54 1 3 2 30
54 3 3 4 30
54 4 17 3 30
54 8 17 3 30
55 1 1 4 30
55 1 3 2 30
55 3 3 4 30
55 5 17 3 30
55 7 17 3 30
55 9 11 1 30
55 9 13 1 30
55 9 15 1 30
56 0 11 1 30
56 0 13 1 30
56 1 1 2 30
56 1 3 1 30
56 1 10 1 30
56 1 17 1 30
56 3 6 2 30
56 3 10 1 30
56 3 15 1 30
56 4 14 2 30
56 8 17 2 30
56 17 17 2 30
57 0 11 1 30
57 0 13 1 30
57 1 10 2 30
57 3 10 2 30
57 4 14 2 30
57 6 6 4 30
57 6 15 1 30
57 8 14 2 30
57 10 17 1 30
57 14 17 1 30
58 1 1 2 30
58 1 3 1 30
58 1 10 1 30
58 2 17 1 30
58 3 6 2 30
58 3 10 1 30
58 5 14 2 30
58 7 17 2 30
58 9 11 1 30
58 9 13 1 30
58 12 15 1 30
58 16 17 1 30
59 1 10 2 30
59 3 10 2 30
59 5 14 2 30
59 6 6 4 30
59 7 14 2 30
59 9 11 1 30
59 9 13 1 30
59 11 17 1 30
59 13 17 1 30
59 15 15 2 30
60 0 2 1 30
60 0 6 1 30
60 1 10 2 30
60 1 14 2 30
60 2 4 1 30
60 3 12 2 30
60 3 16 2 30
60 4 6 1 30
60 8 8 2 30
60 17 17 4 30
61 0 2 1 30
61 1 10 1 30
61 1 14 1 30
61 2 4 1 30
61 3 12 2 30
61 5 8 1 30
61 6 7 1 30
61 6 9 1 30
61 6 16 2 30
61 10 10 2 30
61 10 14 1 30
61 14 17 2 30
62 0 11 1 30
62 1 6 1 30
62 1 10 2 30
62 1 14 2 30
62 3 6 1 30
62 3 13 2 30
62 3 15 2 30
62 4 11 1 30
62 8 17 1 30
62 17 17 4 30
63 0 11 1 30
63 1 10 1 30
63 1 14 1 30
63 3 13 2 30
63 4 11 1 30
63 6 6 2 30
63 6 10 1 30
63 6 15 2 30
63 8 14 1 30
63 10 10 2 30
63 10 14 1 30
63 14 17 2 30
64 0 2 1 30
64 2 4 1 30
64 2 8 1 30
64 6 12 3 30
64 6 16 3 30
64 10 10 4 30
64 10 14 2 30
64 14 14 4 30
65 0 11 1 30
65 4 11 1 30
65 6 13 3 30
65 6 15 3 30
65 8 11 1 30
65 10 10 4 30
65 10 14 2 30
65 14 14 4 30
66 0 6 1 30
66 1 10 2 30
66 2 5 1 30
66 2 9 1 30
66 2 14 2 30
66 3 12 1 30
66 3 16 1 30
66 4 6 1 30
66 7 8 1 30
66 12 12 2 30
66 12 16 1 30
66 16 17 2 30
67 1 10 1 30
67 2 5 1 30
67 2 9 1 30
67 2 14 1 30
67 3 12 1 30
67 5 7 1 30
67 6 7 1 30
67 6 9 1 30
67 6 16 1 30
67 10 10 2 30
67 11 14 1 30
67 12 12 2 30
67 13 17 1 30
67 14 16 1 30
67 15 16 1 30
68 1 6 1 30
68 1 10 2 30
68 2 14 2 30
68 3 6 1 30
68 3 13 1 30
68 3 15 1 30
68 5 11 1 30
68 7 17 1 30
68 9 11 1 30
68 12 13 1 30
68 12 15 1 30
68 16 17 2 30
69 1 10 1 30
69 2 14 1 30
69 3 13 1 30
69 5 11 1 30
69 6 6 2 30
69 6 10 1 30
69 6 15 1 30
69 7 14 1 30
69 9 11 1 30
69 10 10 2 30
69 11 14 1 30
69 12 13 1 30
69 13 17 1 30
69 14 16 1 30
69 15 15 2 30
70 2 5 1 30
70 2 7 1 30
70 2 9 1 30
70 6 12 2 30
70 6 16 2 30
70 10 10 4 30
70 11 14 2 30
70 12 15 1 30
70 13 14 2 30
70 15 16 1 30
71 5 11 1 30
71 6 13 2 30
71 6 15 2 30
71 7 11 1 30
71 9 11 1 30
71 10 10 4 30
71 11 14 2 30
71 13 14 2 30
71 13 15 1 30
71 15 15 2 30
72 0 3 1 30
72 0 12 2 30
72 0 16 1 30
72 1 2 3 30
72 3 4 1 30
72 3 8 1 30
72 4 12 1 30
72 4 16 2 30
72 8 17 3 30
73 0 3 1 30
73 0 12 1 30
73 1 2 2 30
73 2 10 1 30
73 3 4 1 30
73 4 12 1 30
73 5 17 2 30
73 6 8 1 30
73 7 16 2 30
73 8 14 1 30
73 9 12 1 30
73 9 16 1 30
74 0 12 2 30
74 1 2 2 30
74 1 11 1 30
74 1 16 1 30
74 3 5 1 30
74 3 7 1 30
74 3 9 1 30
74 3 16 1 30
74 4 13 1 30
74 4 15 1 30
74 8 17 2 30
74 17 17 2 30
75 0 12 1 30
75 1 2 1 30
75 1 11 1 30
75 2 10 1 30
75 3 5 1 30
75 3 9 1 30
75 4 13 1 30
75 5 17 1 30
75 6 7 1 30
75 6 16 1 30
75 7 15 1 30
75 8 14 1 30
75 9 12 1 30
75 10 16 1 30
75 14 17 1 30
76 0 3 1 30
76 1 2 1 30
76 2 10 2 30
76 2 17 1 30
76 4 6 1 30
76 5 14 2 30
76 6 8 1 30
76 7 12 1 30
76 7 16 1 30
76 9 12 2 30
76 12 16 1 30
76 16 16 2 30
77 1 11 1 30
77 2 10 2 30
77 3 9 1 30
77 5 6 1 30
77 5 14 2 30
77 6 7 1 30
77 7 13 1 30
77 7 15 1 30
77 9 12 2 30
77 11 17 1 30
77 13 16 1 30
77 15 16 1 30
78 0 13 1 30
78 0 15 1 30
78 1 2 2 30
78 1 3 1 30
78 1 11 1 30
78 1 12 1 30
78 3 3 2 30
78 3 12 1 30
78 3 17 1 30
78 4 16 2 30
78 8 17 2 30
78 17 17 2 30
79 1 2 2 30
79 1 3 1 30
79 1 12 1 30
79 3 3 2 30
79 3 12 1 30
79 5 17 2 30
79 6 17 1 30
79 7 16 2 30
79 9 13 1 30
79 9 15 1 30
79 10 11 1 30
79 14 17 1 30
80 0 13 1 30
80 1 2 1 30
80 1 11 2 30
80 1 12 1 30
80 1 16 1 30
80 3 6 1 30
80 3 10 1 30
80 3 14 1 30
80 3 15 2 30
80 4 13 1 30
80 8 17 1 30
80 17 17 4 30
81 0 13 1 30
81 1 11 2 30
81 2 10 1 30
81 3 10 1 30
81 3 14 1 30
81 4 13 1 30
81 6 6 2 30
81 6 15 2 30
81 8 14 1 30
81 10 12 1 30
81 10 16 1 30
81 14 17 2 30
82 1 2 1 30
82 1 3 1 30
82 2 10 1 30
82 2 17 1 30
82 3 6 1 30
82 5 14 1 30
82 6 12 1 30
82 6 17 1 30
82 7 16 1 30
82 9 13 1 30
82 10 11 1 30
82 10 12 1 30
82 12 15 1 30
82 14 14 2 30
82 16 16 2 30
83 1 11 1 30
83 2 10 1 30
83 3 10 1 30
83 5 14 1 30
83 6 6 2 30
83 6 14 1 30
83 6 15 1 30
83 7 13 1 30
83 9 13 1 30
83 10 11 1 30
83 10 12 1 30
83 11 17 1 30
83 13 16 1 30
83 14 14 2 30
83 15 15 2 30
84 0 15 1 30
84 1 2 1 30
84 1 11 2 30
84 1 13 2 30
84 2 3 1 30
84 3 12 2 30
84 3 16 2 30
84 4 15 1 30
84 8 17 1 30
84 17 17 4 30
85 1 2 1 30
85 1 11 1 30
85 1 13 1 30
85 2 3 1 30
85 3 12 2 30
85 5 17 1 30
85 6 16 2 30
85 7 15 1 30
85 9 15 1 30
85 10 11 1 30
85 10 13 1 30
85 14 17 2 30
86 1 11 3 30
86 1 13 2 30
86 1 15 1 30
86 3 11 1 30
86 3 13 2 30
86 3 15 3 30
86 17 17 6 30
87 1 11 2 30
87 1 13 1 30
87 3 11 1 30
87 3 13 2 30
87 6 15 3 30
87 10 11 1 30
87 10 13 1 30
87 10 15 1 30
87 14 17 3 30
88 1 2 1 30
88 2 3 1 30
88 2 17 1 30
88 6 12 2 30
88 6 16 2 30
88 10 11 2 30
88 10 13 2 30
88 12 15 1 30
88 14 14 4 30
88 15 16 1 30
89 1 11 1 30
89 3 11 1 30
89 6 13 2 30
89 6 15 2 30
89 10 11 2 30
89 10 13 2 30
89 11 17 1 30
89 13 15 1 30
89 14 14 4 30
89 15 15 2 30
90 0 6 1 30
90 2 10 3 30
90 2 14 3 30
90 4 6 1 30
90 6 8 1 30
90 12 12 4 30
90 12 16 2 30
90 16 16 4 30
91 2 10 2 30
91 2 14 2 30
91 5 6 1 30
91 6 7 1 30
91 6 9 1 30
91 10 11 1 30
91 11 14 1 30
91 12 12 4 30
91 13 16 2 30
91 15 16 2 30
92 1 6 1 30
92 2 10 2 30
92 2 14 2 30
92 3 6 1 30
92 6 17 1 30
92 10 11 1 30
92 11 14 1 30
92 12 13 2 30
92 12 15 2 30
92 16 16 4 30
93 2 10 1 30
93 2 14 1 30
93 6 6 2 30
93 6 10 1 30
93 6 14 1 30
93 10 11 2 30
93 11 14 2 30
93 12 13 2 30
93 13 16 2 30
93 15 15 4 30
94 2 6 1 30
94 2 10 1 30
94 2 14 1 30
94 6 12 1 30
94 6 16 1 30
94 10 11 2 30
94 11 14 2 30
94 12 15 2 30
94 13 13 4 30
94 15 16 2 30
95 6 11 1 30
95 6 13 1 30
95 6 15 1 30
95 10 11 3 30
95 11 14 3 30
95 13 13 4 30
95 13 15 2 30
95 15 15 4 30
96 0 12 3 30
96 0 16 1 30
96 2 2 6 30
96 4 12 2 30
96 4 16 2 30
96 8 12 1 30
96 8 16 3 30
97 0 12 2 30
97 2 2 4 30
97 2 11 1 30
97 4 12 2 30
97 5 16 2 30
97 7 16 2 30
97 8 13 1 30
97 8 15 1 30
97 9 12 1 30
97 9 16 1 30
98 0 12 2 30
98 1 16 1 30
98 2 2 4 30
98 2 11 1 30
98 3 16 1 30
98 4 13 1 30
98 4 15 1 30
98 5 12 1 30
98 7 12 1 30
98 8 16 2 30
98 9 12 1 30
98 16 17 1 30
99 0 12 1 30
99 2 2 2 30
99 2 11 2 30
99 4 13 1 30
99 5 12 1 30
99 5 16 1 30
99 6 16 1 30
99 7 15 2 30
99 8 13 1 30
99 9 12 2 30
99 10 16 1 30
99 14 16 1 30
100 0 12 1 30
100 2 2 2 30
100 2 11 2 30
100 2 16 1 30
100 4 15 1 30
100 5 13 2 30
100 7 12 1 30
100 7 16 1 30
100 8 15 1 30
100 9 12 2 30
100 12 16 1 30
100 16 16 2 30
101 2 11 3 30
101 5 13 2 30
101 5 15 1 30
101 7 13 1 30
101 7 15 2 30
101 9 12 3 30
101 11 16 1 30
101 13 16 1 30
101 15 16 1 30
102 0 13 1 30
102 0 15 1 30
102 1 12 2 30
102 2 2 4 30
102 2 11 1 30
102 3 12 2 30
102 4 16 2 30
102 8 16 2 30
102 12 17 1 30
102 16 17 1 30
103 1 12 2 30
103 2 2 4 30
103 3 12 2 30
103 5 16 2 30
103 7 16 2 30
103 9 13 1 30
103 9 15 1 30
103 11 11 2 30
103 13 17 1 30
103 15 17 1 30
104 0 13 1 30
104 1 12 1 30
104 1 16 1 30
104 2 2 2 30
104 2 11 2 30
104 3 15 2 30
104 4 13 1 30
104 6 12 1 30
104 8 16 1 30
104 10 12 1 30
104 12 14 1 30
104 16 17 2 30
105 0 13 1 30
105 2 11 3 30
105 4 13 1 30
105 6 15 3 30
105 8 13 1 30
105 10 12 2 30
105 10 16 1 30
105 12 14 1 30
105 14 16 2 30
106 1 12 1 30
106 2 2 2 30
106 2 11 1 30
106 2 16 1 30
106 3 15 1 30
106 5 13 1 30
106 6 12 1 30
106 7 16 1 30
106 9 13 1 30
106 10 12 1 30
106 11 11 2 30
106 12 15 1 30
106 13 14 1 30
106 15 17 1 30
106 16 16 2 30
107 2 11 2 30
107 5 13 1 30
107 6 15 2 30
107 7 13 1 30
107 9 13 1 30
107 10 12 2 30
107 11 11 2 30
107 11 16 1 30
107 13 14 1 30
107 13 16 1 30
107 14 15 1 30
107 15 15 2 30
108 0 15 1 30
108 1 13 2 30
108 2 2 2 30
108 2 11 2 30
108 2 12 1 30
108 3 12 1 30
108 3 16 1 30
108 4 15 1 30
108 8 16 1 30
108 12 12 2 30
108 12 16 1 30
108 16 17 2 30
109 1 13 1 30
109 2 2 2 30
109 2 11 1 30
109 2 12 1 30
109 3 12 1 30
109 5 16 1 30
109 6 16 1 30
109 7 15 1 30
109 9 15 1 30
109 10 13 1 30
109 11 11 2 30
109 12 12 2 30
109 13 17 1 30
109 14 16 1 30
109 15 16 1 30
110 1 13 2 30
110 1 15 1 30
110 2 11 3 30
110 3 13 1 30
110 3 15 2 30
110 11 12 1 30
110 12 13 1 30
110 12 15 1 30
110 16 17 3 30
111 1 13 1 30
111 2 11 2 30
111 3 13 1 30
111 6 15 2 30
111 10 13 1 30
111 10 15 1 30
111 11 11 2 30
111 11 12 1 30
111 12 13 1 30
111 13 17 1 30
111 14 16 2 30
111 15 15 2 30
112 2 2 2 30
112 2 12 1 30
112 2 16 1 30
112 6 12 1 30
112 6 16 1 30
112 10 13 2 30
112 11 11 4 30
112 12 15 2 30
112 13 14 2 30
112 15 16 2 30
113 2 11 1 30
113 6 13 1 30
113 6 15 1 30
113 10 13 2 30
113 11 11 4 30
113 11 12 1 30
113 11 16 1 30
113 13 14 2 30
113 13 15 2 30
113 15 15 4 30
114 0 15 1 30
114 2 11 3 30
114 2 13 3 30
114 4 15 1 30
114 8 15 1 30
114 12 12 4 30
114 12 16 2 30
114 16 16 4 30
115 2 11 2 30
115 2 13 2 30
115 5 15 1 30
115 7 15 1 30
115 9 15 1 30
115 11 11 2 30
115 11 13 1 30
115 12 12 4 30
115 13 16 2 30
115 15 16 2 30
116 1 15 1 30
116 2 11 2 30
116 2 13 2 30
116 3 15 1 30
116 11 11 2 30
116 11 13 1 30
116 12 13 2 30
116 12 15 2 30
116 15 17 1 30
116 16 16 4 30
117 2 11 1 30
117 2 13 1 30
117 6 15 1 30
117 10 15 1 30
117 11 11 4 30
117 11 13 2 30
117 12 13 2 30
117 13 16 2 30
117 14 15 1 30
117 15 15 4 30
118 2 11 1 30
118 2 13 1 30
118 2 15 1 30
118 11 11 4 30
118 11 13 2 30
118 12 15 3 30
118 13 13 4 30
118 15 16 3 30
119 11 11 6 30
119 11 13 3 30
119 11 15 1 30
119 13 13 4 30
119 13 15 3 30
119 15 15 6 30
1
0 0 0 2 20
0 0 5 1 20
0 0 10 1 20
0 0 15 1 20
0 5 5 2 20
0 5 10 1 20
0 5 15 1 20
0 10 10 2 20
0 10 15 1 20
0 15 15 2 20
1 0 0 2 20
1 1 5 1 20
1 1 10 1 20
1 1 15 1 20
1 4 5 1 20
1 4 10 1 20
1 4 15 1 20
2 0 1 1 20
2 0 4 1 20
2 5 5 2 20
2 6 10 1 20
2 6 15 1 20
2 9 10 1 20
2 9 15 1 20
3 0 1 1 20
3 1 5 1 20
3 2 10 1 20
3 2 15 1 20
3 4 4 2 20
4 0 4 1 20
4 1 1 2 20
4 4 5 1 20
4 8 10 1 20
4 8 15 1 20
5 1 1 2 20
5 1 4 1 20
5 4 4 2 20
6 0 6 1 20
6 0 9 1 20
6 5 6 1 20
6 5 9 1 20
6 10 10 2 20
6 11 15 1 20
6 14 15 1 20
7 1 6 1 20
7 1 9 1 20
7 4 6 1 20
7 4 9 1 20
8 0 2 1 20
8 5 6 1 20
8 6 10 1 20
8 7 15 1 20
8 9 9 2 20
9 0 2 1 20
9 2 5 1 20
9 2 10 1 20
9 3 15 1 20
10 1 2 1 20
10 4 6 1 20
10 8 9 1 20
11 1 2 1 20
11 2 4 1 20
12 0 8 1 20
12 5 9 1 20
12 6 6 2 20
12 9 10 1 20
12 13 15 1 20
13 1 9 1 20
13 2 6 1 20
13 4 8 1 20
14 6 6 2 20
14 6 9 1 20
14 9 9 2 20
15 2 6 1 20
15 2 9 1 20
16 2 2 2 20
16 8 8 2 20
17 2 2 2 20
18 0 8 1 20
18 5 8 1 20
18 8 10 1 20
18 12 15 1 20
19 1 8 1 20
19 4 8 1 20
20 6 8 1 20
20 8 9 1 20
21 2 8 1 20
22 8 8 2 20
24 0 11 1 20
24 0 14 1 20
24 5 11 1 20
24 5 14 1 20
24 10 11 1 20
24 10 14 1 20
24 15 15 2 20
25 1 11 1 20
25 1 14 1 20
25 4 11 1 20
25 4 14 1 20
26 6 11 1 20
26 6 14 1 20
26 9 11 1 20
26 9 14 1 20
27 2 11 1 20
27 2 14 1 20
28 8 11 1 20
28 8 14 1 20
30 0 7 1 20
30 5 7 1 20
30 10 11 1 20
30 11 15 1 20
30 14 14 2 20
31 1 7 1 20
31 4 7 1 20
32 0 3 1 20
32 5 7 1 20
32 7 10 1 20
32 7 15 1 20
33 0 3 1 20
33 3 5 1 20
33 3 10 1 20
33 3 15 1 20
34 1 3 1 20
34 4 7 1 20
35 1 3 1 20
35 3 4 1 20
36 6 7 1 20
36 9 11 1 20
36 13 14 1 20
37 2 7 1 20
38 6 7 1 20
38 7 9 1 20
39 3 6 1 20
39 3 9 1 20
40 2 3 1 20
41 2 3 1 20
42 8 11 1 20
42 12 14 1 20
44 7 8 1 20
45 3 8 1 20
48 0 13 1 20
48 5 13 1 20
48 10 14 1 20
48 11 11 2 20
48 14 15 1 20
49 1 13 1 20
49 4 13 1 20
50 6 14 1 20
50 7 11 1 20
50 9 13 1 20
51 2 14 1 20
51 3 11 1 20
52 8 13 1 20
54 11 11 2 20
54 11 14 1 20
54 14 14 2 20
56 7 11 1 20
56 7 14 1 20
57 3 11 1 20
57 3 14 1 20
60 7 7 2 20
60 13 13 2 20
61 3 7 1 20
62 7 7 2 20
63 3 7 1 20
64 3 3 2 20
65 3 3 2 20
66 12 13 1 20
72 0 12 1 20
72 5 13 1 20
72 10 13 1 20
72 13 15 1 20
73 1 13 1 20
73 4 12 1 20
74 6 13 1 20
74 9 13 1 20
75 2 13 1 20
76 8 12 1 20
78 11 13 1 20
78 13 14 1 20
80 7 13 1 20
81 3 13 1 20
84 13 13 2 20
90 12 12 2 20
96 0 12 1 20
96 5 12 1 20
96 10 12 1 20
96 12 15 1 20
97 1 12 1 20
97 4 12 1 20
98 6 12 1 20
98 9 12 1 20
99 2 12 1 20
100 8 12 1 20
102 11 12 1 20
102 12 14 1 20
104 7 12 1 20
105 3 12 1 20
108 12 13 1 20
114 12 12 2 20
2
1 10 10 2 20
1 10 15 1 20
1 15 15 2 20
2 0 10 1 20
2 0 15 1 20
3 4 10 1 20
3 4 15 1 20
3 9 10 1 20
3 9 15 1 20
4 1 10 1 20
4 1 15 1 20
4 6 10 1 20
4 6 15 1 20
5 2 10 1 20
5 2 15 1 20
5 5 10 1 20
5 5 15 1 20
5 8 10 1 20
5 8 15 1 20
6 0 0 2 20
7 0 0 2 20
7 10 10 2 20
7 11 15 1 20
7 14 15 1 20
8 0 4 1 20
8 0 9 1 20
9 4 4 2 20
9 4 9 1 20
9 9 9 2 20
10 0 4 1 20
10 1 9 1 20
10 6 10 1 20
10 7 15 1 20
11 2 10 1 20
11 3 15 1 20
11 4 4 2 20
11 5 9 1 20
11 8 9 1 20
12 0 1 1 20
12 0 6 1 20
13 0 1 1 20
13 4 6 1 20
13 9 10 1 20
13 13 15 1 20
14 0 2 1 20
14 0 5 1 20
14 0 8 1 20
15 0 2 1 20
15 4 5 1 20
15 4 8 1 20
15 9 9 2 20
16 1 4 1 20
16 1 9 1 20
16 4 6 1 20
16 6 9 1 20
17 2 4 1 20
17 2 9 1 20
17 4 5 1 20
17 5 9 1 20
17 8 8 2 20
18 1 1 2 20
18 1 6 1 20
18 6 6 2 20
19 1 1 2 20
19 2 6 1 20
19 5 6 1 20
19 8 10 1 20
19 12 15 1 20
20 0 8 1 20
20 1 2 1 20
20 1 5 1 20
20 6 6 2 20
21 1 2 1 20
21 2 6 1 20
21 4 8 1 20
21 5 5 2 20
21 8 9 1 20
22 1 5 1 20
22 1 8 1 20
22 2 2 2 20
22 5 6 1 20
22 6 8 1 20
23 2 2 2 20
23 2 5 1 20
23 2 8 1 20
23 5 5 2 20
23 5 8 1 20
23 8 8 2 20
25 10 11 1 20
25 10 14 1 20
25 15 15 2 20
26 0 11 1 20
26 0 14 1 20
27 4 11 1 20
27 4 14 1 20
27 9 11 1 20
27 9 14 1 20
28 1 11 1 20
28 1 14 1 20
28 6 11 1 20
28 6 14 1 20
29 2 11 1 20
29 2 14 1 20
29 5 11 1 20
29 5 14 1 20
29 8 11 1 20
29 8 14 1 20
31 10 11 1 20
31 11 15 1 20
31 14 14 2 20
34 7 10 1 20
34 7 15 1 20
35 3 10 1 20
35 3 15 1 20
36 0 7 1 20
37 4 7 1 20
37 9 11 1 20
37 13 14 1 20
38 0 3 1 20
39 0 3 1 20
40 4 7 1 20
40 7 9 1 20
41 3 4 1 20
41 3 9 1 20
42 1 7 1 20
42 6 7 1 20
43 2 7 1 20
43 5 7 1 20
43 8 11 1 20
43 12 14 1 20
44 1 3 1 20
44 6 7 1 20
45 1 3 1 20
45 3 6 1 20
46 2 3 1 20
46 5 7 1 20
46 7 8 1 20
47 2 3 1 20
47 3 5 1 20
47 3 8 1 20
49 10 14 1 20
49 11 11 2 20
49 14 15 1 20
50 0 13 1 20
51 4 13 1 20
51 9 13 1 20
52 1 13 1 20
52 6 14 1 20
52 7 11 1 20
53 2 14 1 20
53 3 11 1 20
53 5 13 1 20
53 8 13 1 20
55 11 11 2 20
55 11 14 1 20
55 14 14 2 20
58 7 11 1 20
58 7 14 1 20
59 3 11 1 20
59 3 14 1 20
61 13 13 2 20
66 7 7 2 20
67 3 7 1 20
67 12 13 1 20
68 7 7 2 20
69 3 7 1 20
70 3 3 2 20
71 3 3 2 20
73 10 13 1 20
73 13 15 1 20
74 0 12 1 20
75 4 12 1 20
75 9 13 1 20
76 1 13 1 20
76 6 13 1 20
77 2 13 1 20
77 5 13 1 20
77 8 12 1 20
79 11 13 1 20
79 13 14 1 20
82 7 13 1 20
83 3 13 1 20
85 13 13 2 20
91 12 12 2 20
97 10 12 1 20
97 12 15 1 20
98 0 12 1 20
99 4 12 1 20
99 9 12 1 20
100 1 12 1 20
100 6 12 1 20
101 2 12 1 20
101 5 12 1 20
101 8 12 1 20
103 11 12 1 20
103 12 14 1 20
106 7 12 1 20
107 3 12 1 20
109 12 13 1 20
115 12 12 2 20
3
2 15 15 2 20
6 0 15 1 20
6 5 15 1 20
7 1 15 1 20
7 4 15 1 20
8 9 15 1 20
8 14 15 1 20
10 8 15 1 20
12 6 15 1 20
12 11 15 1 20
13 2 15 1 20
14 7 15 1 20
14 10 15 1 20
14 13 15 1 20
15 3 15 1 20
20 12 15 1 20
24 0 0 2 20
24 0 5 1 20
24 5 5 2 20
25 0 0 2 20
25 1 5 1 20
25 4 5 1 20
26 0 1 1 20
26 0 4 1 20
26 5 5 2 20
26 15 15 2 20
27 0 1 1 20
27 1 5 1 20
27 4 4 2 20
28 0 4 1 20
28 1 1 2 20
28 4 5 1 20
29 1 1 2 20
29 1 4 1 20
29 4 4 2 20
30 0 9 1 20
30 0 14 1 20
30 5 9 1 20
30 5 14 1 20
31 1 9 1 20
31 1 14 1 20
31 4 9 1 20
31 4 14 1 20
32 9 9 2 20
32 9 14 1 20
32 14 14 2 20
34 8 9 1 20
34 8 14 1 20
36 0 8 1 20
36 5 9 1 20
36 6 14 1 20
36 11 15 1 20
37 1 9 1 20
37 2 14 1 20
37 4 8 1 20
38 7 15 1 20
38 9 9 2 20
38 10 14 1 20
38 13 14 1 20
39 3 15 1 20
40 8 8 2 20
42 0 8 1 20
42 5 8 1 20
43 1 8 1 20
43 4 8 1 20
44 8 9 1 20
44 12 14 1 20
46 8 8 2 20
48 0 6 1 20
48 0 11 1 20
48 5 6 1 20
48 5 11 1 20
49 1 6 1 20
49 1 11 1 20
49 4 6 1 20
49 4 11 1 20
50 0 2 1 20
50 5 6 1 20
50 9 11 1 20
50 14 15 1 20
51 0 2 1 20
51 2 5 1 20
52 1 2 1 20
52 4 6 1 20
52 8 11 1 20
53 1 2 1 20
53 2 4 1 20
54 0 7 1 20
54 0 10 1 20
54 0 13 1 20
54 5 7 1 20
54 5 10 1 20
54 5 13 1 20
55 1 7 1 20
55 1 10 1 20
55 1 13 1 20
55 4 7 1 20
55 4 10 1 20
55 4 13 1 20
56 0 3 1 20
56 5 7 1 20
56 9 10 1 20
56 9 13 1 20
56 14 14 2 20
57 0 3 1 20
57 3 5 1 20
58 1 3 1 20
58 4 7 1 20
58 8 10 1 20
58 8 13 1 20
59 1 3 1 20
59 3 4 1 20
60 6 9 1 20
60 6 14 1 20
60 9 11 1 20
60 11 14 1 20
61 2 9 1 20
61 2 14 1 20
62 7 9 1 20
62 7 14 1 20
62 9 10 1 20
62 10 14 1 20
62 13 13 2 20
63 3 9 1 20
63 3 14 1 20
66 6 8 1 20
66 8 11 1 20
67 2 8 1 20
68 7 8 1 20
68 8 10 1 20
68 12 13 1 20
69 3 8 1 20
72 6 6 2 20
72 6 11 1 20
72 11 11 2 20
73 2 6 1 20
73 2 11 1 20
74 6 6 2 20
74 7 11 1 20
74 10 11 1 20
74 13 15 1 20
75 2 6 1 20
75 3 11 1 20
76 2 2 2 20
77 2 2 2 20
78 0 12 1 20
78 5 13 1 20
78 6 7 1 20
78 6 10 1 20
78 11 11 2 20
79 1 13 1 20
79 2 7 1 20
79 2 10 1 20
79 4 12 1 20
80 6 7 1 20
80 7 11 1 20
80 9 13 1 20
80 10 10 2 20
80 13 14 1 20
81 3 6 1 20
81 3 11 1 20
82 2 3 1 20
82 8 12 1 20
83 2 3 1 20
84 6 10 1 20
84 6 13 1 20
84 7 7 2 20
84 10 11 1 20
84 11 13 1 20
85 2 10 1 20
85 2 13 1 20
85 3 7 1 20
86 7 7 2 20
86 7 10 1 20
86 7 13 1 20
86 10 10 2 20
86 10 13 1 20
86 13 13 2 20
87 3 7 1 20
87 3 10 1 20
87 3 13 1 20
88 3 3 2 20
89 3 3 2 20
92 12 12 2 20
98 12 15 1 20
102 0 12 1 20
102 5 12 1 20
103 1 12 1 20
103 4 12 1 20
104 9 12 1 20
104 12 14 1 20
106 8 12 1 20
108 6 12 1 20
108 11 12 1 20
109 2 12 1 20
110 7 12 1 20
110 10 12 1 20
110 12 13 1 20
111 3 12 1 20
116 12 12 2 20
4
3 15 15 2 20
8 0 15 1 20
9 4 15 1 20
9 9 15 1 20
9 14 15 1 20
10 1 15 1 20
11 5 15 1 20
11 8 15 1 20
13 11 15 1 20
15 10 15 1 20
15 13 15 1 20
16 2 15 1 20
16 7 15 1 20
17 3 15 1 20
17 6 15 1 20
21 12 15 1 20
27 15 15 2 20
30 0 0 2 20
31 0 0 2 20
32 0 4 1 20
32 0 9 1 20
32 0 14 1 20
33 4 4 2 20
33 4 9 1 20
33 4 14 1 20
33 9 9 2 20
33 9 14 1 20
33 14 14 2 20
34 0 4 1 20
34 1 9 1 20
34 1 14 1 20
35 4 4 2 20
35 5 9 1 20
35 5 14 1 20
35 8 9 1 20
35 8 14 1 20
36 0 1 1 20
37 0 1 1 20
37 11 15 1 20
38 0 5 1 20
38 0 8 1 20
39 4 5 1 20
39 4 8 1 20
39 9 9 2 20
39 10 14 1 20
39 13 14 1 20
40 1 4 1 20
40 1 9 1 20
40 2 14 1 20
40 7 15 1 20
41 3 15 1 20
41 4 5 1 20
41 5 9 1 20
41 6 14 1 20
41 8 8 2 20
42 1 1 2 20
43 1 1 2 20
44 0 8 1 20
44 1 5 1 20
45 4 8 1 20
45 5 5 2 20
45 8 9 1 20
45 12 14 1 20
46 1 5 1 20
46 1 8 1 20
47 5 5 2 20
47 5 8 1 20
47 8 8 2 20
50 0 11 1 20
51 4 11 1 20
51 9 11 1 20
51 14 15 1 20
52 1 11 1 20
53 5 11 1 20
53 8 11 1 20
56 0 10 1 20
56 0 13 1 20
57 4 10 1 20
57 4 13 1 20
57 9 10 1 20
57 9 13 1 20
57 14 14 2 20
58 1 10 1 20
58 1 13 1 20
59 5 10 1 20
59 5 13 1 20
59 8 10 1 20
59 8 13 1 20
60 0 2 1 20
60 0 7 1 20
61 0 2 1 20
61 4 7 1 20
61 9 11 1 20
61 11 14 1 20
62 0 3 1 20
62 0 6 1 20
63 0 3 1 20
63 4 6 1 20
63 9 10 1 20
63 10 14 1 20
63 13 13 2 20
64 2 4 1 20
64 2 9 1 20
64 2 14 1 20
64 4 7 1 20
64 7 9 1 20
64 7 14 1 20
65 3 4 1 20
65 3 9 1 20
65 3 14 1 20
65 4 6 1 20
65 6 9 1 20
65 6 14 1 20
66 1 2 1 20
66 1 7 1 20
67 1 2 1 20
67 5 7 1 20
67 8 11 1 20
68 1 3 1 20
68 1 6 1 20
69 1 3 1 20
69 5 6 1 20
69 8 10 1 20
69 12 13 1 20
70 2 5 1 20
70 2 8 1 20
70 5 7 1 20
70 7 8 1 20
71 3 5 1 20
71 3 8 1 20
71 5 6 1 20
71 6 8 1 20
73 11 11 2 20
75 10 11 1 20
75 13 15 1 20
76 2 11 1 20
76 7 11 1 20
77 3 11 1 20
77 6 11 1 20
79 11 11 2 20
80 0 12 1 20
81 4 12 1 20
81 9 13 1 20
81 10 10 2 20
81 13 14 1 20
82 1 13 1 20
82 2 10 1 20
82 7 11 1 20
83 3 11 1 20
83 5 13 1 20
83 6 10 1 20
83 8 12 1 20
85 10 11 1 20
85 11 13 1 20
87 10 10 2 20
87 10 13 1 20
87 13 13 2 20
88 2 10 1 20
88 2 13 1 20
88 7 10 1 20
88 7 13 1 20
89 3 10 1 20
89 3 13 1 20
89 6 10 1 20
89 6 13 1 20
90 2 2 2 20
90 2 7 1 20
90 7 7 2 20
91 2 2 2 20
91 3 7 1 20
91 6 7 1 20
92 2 3 1 20
92 2 6 1 20
92 7 7 2 20
93 2 3 1 20
93 3 7 1 20
93 6 6 2 20
93 12 12 2 20
94 2 6 1 20
94 3 3 2 20
94 6 7 1 20
95 3 3 2 20
95 3 6 1 20
95 6 6 2 20
99 12 15 1 20
104 0 12 1 20
105 4 12 1 20
105 9 12 1 20
105 12 14 1 20
106 1 12 1 20
107 5 12 1 20
107 8 12 1 20
109 11 12 1 20
111 10 12 1 20
111 12 13 1 20
112 2 12 1 20
112 7 12 1 20
113 3 12 1 20
113 6 12 1 20
117 12 12 2 20
5
4 15 15 2 20
10 14 15 1 20
12 0 15 1 20
13 4 15 1 20
16 8 15 1 20
16 13 15 1 20
18 1 15 1 20
18 6 15 1 20
18 11 15 1 20
19 2 15 1 20
19 5 15 1 20
20 7 15 1 20
20 10 15 1 20
21 3 15 1 20
22 9 15 1 20
22 12 15 1 20
28 15 15 2 20
34 14 14 2 20
36 0 14 1 20
37 4 14 1 20
40 8 14 1 20
40 13 14 1 20
42 1 14 1 20
42 6 14 1 20
42 11 15 1 20
43 2 14 1 20
43 5 14 1 20
44 7 15 1 20
44 10 14 1 20
45 3 15 1 20
46 9 14 1 20
46 12 14 1 20
48 0 0 2 20
49 0 0 2 20
50 0 4 1 20
51 4 4 2 20
52 0 4 1 20
52 14 15 1 20
53 4 4 2 20
58 14 14 2 20
60 0 8 1 20
60 0 13 1 20
61 4 8 1 20
61 4 13 1 20
64 8 8 2 20
64 8 13 1 20
64 13 13 2 20
66 0 8 1 20
66 1 13 1 20
66 6 14 1 20
66 11 14 1 20
67 2 14 1 20
67 4 8 1 20
67 5 13 1 20
68 7 14 1 20
68 10 14 1 20
69 3 14 1 20
70 8 8 2 20
70 9 13 1 20
70 12 13 1 20
72 0 1 1 20
72 0 6 1 20
72 0 11 1 20
73 0 1 1 20
73 4 6 1 20
73 4 11 1 20
74 0 2 1 20
74 0 5 1 20
75 0 2 1 20
75 4 5 1 20
76 1 4 1 20
76 4 6 1 20
76 8 11 1 20
76 13 15 1 20
77 2 4 1 20
77 4 5 1 20
78 0 7 1 20
78 0 10 1 20
79 4 7 1 20
79 4 10 1 20
80 0 3 1 20
81 0 3 1 20
82 4 7 1 20
82 8 10 1 20
82 13 14 1 20
83 3 4 1 20
84 0 9 1 20
84 0 12 1 20
85 4 9 1 20
85 4 12 1 20
88 8 9 1 20
88 8 12 1 20
88 13 13 2 20
90 1 8 1 20
90 1 13 1 20
90 6 8 1 20
90 6 13 1 20
90 8 11 1 20
90 11 13 1 20
91 2 8 1 20
91 2 13 1 20
91 5 8 1 20
91 5 13 1 20
92 7 8 1 20
92 7 13 1 20
92 8 10 1 20
92 10 13 1 20
93 3 8 1 20
93 3 13 1 20
94 8 9 1 20
94 9 13 1 20
94 12 12 2 20
96 1 1 2 20
96 1 6 1 20
96 1 11 1 20
96 6 6 2 20
96 6 11 1 20
96 11 11 2 20
97 1 1 2 20
97 2 6 1 20
97 2 11 1 20
97 5 6 1 20
97 5 11 1 20
98 1 2 1 20
98 1 5 1 20
98 6 6 2 20
98 7 11 1 20
98 10 11 1 20
99 1 2 1 20
99 2 6 1 20
99 3 11 1 20
99 5 5 2 20
100 1 5 1 20
100 2 2 2 20
100 5 6 1 20
100 9 11 1 20
100 12 15 1 20
101 2 2 2 20
101 2 5 1 20
101 5 5 2 20
102 1 7 1 20
102 1 10 1 20
102 6 7 1 20
102 6 10 1 20
102 11 11 2 20
103 2 7 1 20
103 2 10 1 20
103 5 7 1 20
103 5 10 1 20
104 1 3 1 20
104 6 7 1 20
104 7 11 1 20
104 10 10 2 20
105 1 3 1 20
105 3 6 1 20
105 3 11 1 20
106 2 3 1 20
106 5 7 1 20
106 9 10 1 20
106 12 14 1 20
107 2 3 1 20
107 3 5 1 20
108 0 12 1 20
108 1 9 1 20
108 6 10 1 20
108 7 7 2 20
108 10 11 1 20
109 2 10 1 20
109 3 7 1 20
109 4 12 1 20
109 5 9 1 20
110 7 7 2 20
110 7 10 1 20
110 10 10 2 20
111 3 7 1 20
111 3 10 1 20
112 3 3 2 20
112 8 12 1 20
112 9 9 2 20
112 12 13 1 20
113 3 3 2 20
114 1 9 1 20
114 1 12 1 20
114 6 9 1 20
114 6 12 1 20
114 9 11 1 20
114 11 12 1 20
115 2 9 1 20
115 2 12 1 20
115 5 9 1 20
115 5 12 1 20
116 7 9 1 20
116 7 12 1 20
116 9 10 1 20
116 10 12 1 20
117 3 9 1 20
117 3 12 1 20
118 9 9 2 20
118 9 12 1 20
118 12 12 2 20
6
5 15 15 2 20
11 14 15 1 20
14 0 15 1 20
15 4 15 1 20
17 8 15 1 20
17 13 15 1 20
19 11 15 1 20
20 1 15 1 20
21 5 15 1 20
21 10 15 1 20
22 2 15 1 20
22 7 15 1 20
23 3 15 1 20
23 6 15 1 20
23 9 15 1 20
23 12 15 1 20
29 15 15 2 20
35 14 14 2 20
38 0 14 1 20
39 4 14 1 20
41 8 14 1 20
41 13 14 1 20
43 11 15 1 20
44 1 14 1 20
45 5 14 1 20
45 10 14 1 20
46 2 14 1 20
46 7 15 1 20
47 3 15 1 20
47 6 14 1 20
47 9 14 1 20
47 12 14 1 20
53 14 15 1 20
54 0 0 2 20
55 0 0 2 20
56 0 4 1 20
57 4 4 2 20
58 0 4 1 20
59 4 4 2 20
59 14 14 2 20
62 0 8 1 20
62 0 13 1 20
63 4 8 1 20
63 4 13 1 20
65 8 8 2 20
65 8 13 1 20
65 13 13 2 20
67 11 14 1 20
68 0 8 1 20
68 1 13 1 20
69 4 8 1 20
69 5 13 1 20
69 10 14 1 20
70 2 14 1 20
70 7 14 1 20
71 3 14 1 20
71 6 14 1 20
71 8 8 2 20
71 9 13 1 20
71 12 13 1 20
74 0 11 1 20
75 4 11 1 20
77 8 11 1 20
77 13 15 1 20
78 0 1 1 20
79 0 1 1 20
80 0 5 1 20
80 0 10 1 20
81 4 5 1 20
81 4 10 1 20
82 1 4 1 20
83 4 5 1 20
83 8 10 1 20
83 13 14 1 20
84 0 2 1 20
84 0 7 1 20
85 0 2 1 20
85 4 7 1 20
86 0 3 1 20
86 0 6 1 20
86 0 9 1 20
86 0 12 1 20
87 0 3 1 20
87 4 6 1 20
87 4 9 1 20
87 4 12 1 20
88 2 4 1 20
88 4 7 1 20
89 3 4 1 20
89 4 6 1 20
89 8 9 1 20
89 8 12 1 20
89 13 13 2 20
91 8 11 1 20
91 11 13 1 20
92 1 8 1 20
92 1 13 1 20
93 5 8 1 20
93 5 13 1 20
93 8 10 1 20
93 10 13 1 20
94 2 8 1 20
94 2 13 1 20
94 7 8 1 20
94 7 13 1 20
95 3 8 1 20
95 3 13 1 20
95 6 8 1 20
95 6 13 1 20
95 8 9 1 20
95 9 13 1 20
95 12 12 2 20
97 11 11 2 20
98 1 11 1 20
99 5 11 1 20
99 10 11 1 20
100 2 11 1 20
100 7 11 1 20
101 3 11 1 20
101 6 11 1 20
101 9 11 1 20
101 12 15 1 20
102 1 1 2 20
103 1 1 2 20
103 11 11 2 20
104 1 5 1 20
104 1 10 1 20
105 5 5 2 20
105 5 10 1 20
105 10 10 2 20
106 1 5 1 20
106 2 10 1 20
106 7 11 1 20
107 3 11 1 20
107 5 5 2 20
107 6 10 1 20
107 9 10 1 20
107 12 14 1 20
108 1 2 1 20
108 1 7 1 20
109 1 2 1 20
109 5 7 1 20
109 10 11 1 20
110 0 12 1 20
110 1 3 1 20
110 1 6 1 20
110 1 9 1 20
111 1 3 1 20
111 4 12 1 20
111 5 6 1 20
111 5 9 1 20
111 10 10 2 20
112 2 5 1 20
112 2 10 1 20
112 5 7 1 20
112 7 10 1 20
113 3 5 1 20
113 3 10 1 20
113 5 6 1 20
113 6 10 1 20
113 8 12 1 20
113 9 9 2 20
113 12 13 1 20
114 2 2 2 20
114 2 7 1 20
114 7 7 2 20
115 2 2 2 20
115 3 7 1 20
115 6 7 1 20
115 9 11 1 20
115 11 12 1 20
116 1 9 1 20
116 1 12 1 20
116 2 3 1 20
116 2 6 1 20
116 7 7 2 20
117 2 3 1 20
117 3 7 1 20
117 5 9 1 20
117 5 12 1 20
117 6 6 2 20
117 9 10 1 20
117 10 12 1 20
118 2 6 1 20
118 2 9 1 20
118 2 12 1 20
118 3 3 2 20
118 6 7 1 20
118 7 9 1 20
118 7 12 1 20
119 3 3 2 20
119 3 6 1 20
119 3 9 1 20
119 3 12 1 20
119 6 6 2 20
119 6 9 1 20
119 6 12 1 20
119 9 9 2 20
119 9 12 1 20
119 12 12 2 20
