0
0 0 0 6 30
0 0 3 3 30
0 0 6 1 30
0 3 3 4 30
0 3 6 3 30
0 6 6 6 30
1 0 0 4 30
1 0 3 2 30
1 0 7 1 30
1 3 3 4 30
1 3 7 1 30
1 4 6 3 30
1 5 6 3 30
1 6 7 1 30
2 0 0 4 30
2 0 3 2 30
2 0 7 1 30
2 1 6 1 30
2 2 6 1 30
2 3 4 2 30
2 3 5 2 30
2 3 7 1 30
2 6 6 4 30
2 6 11 1 30
3 0 7 3 30
3 3 7 3 30
3 4 4 4 30
3 4 5 2 30
3 5 5 4 30
3 6 8 1 30
3 6 9 1 30
3 6 10 1 30
4 0 0 4 30
4 0 4 1 30
4 0 5 1 30
4 0 7 1 30
4 1 3 2 30
4 2 3 2 30
4 3 6 2 30
4 3 11 1 30
4 6 6 4 30
4 6 11 1 30
5 0 0 4 30
5 1 3 2 30
5 2 3 2 30
5 4 6 2 30
5 4 7 1 30
5 4 11 1 30
5 5 6 2 30
5 5 7 1 30
5 5 11 1 30
5 7 7 2 30
6 0 7 3 30
6 1 4 2 30
6 1 5 1 30
6 2 4 1 30
6 2 5 2 30
6 3 8 1 30
6 3 9 1 30
6 3 10 1 30
6 6 11 3 30
7 4 8 3 30
7 4 9 2 30
7 4 10 1 30
7 5 8 1 30
7 5 9 2 30
7 5 10 3 30
7 7 7 6 30
8 0 1 3 30
8 0 2 3 30
8 0 11 1 30
8 3 3 4 30
8 3 6 2 30
8 3 11 1 30
8 6 6 4 30
8 6 11 1 30
9 0 1 2 30
9 0 2 2 30
9 1 7 1 30
9 2 7 1 30
9 3 3 4 30
9 4 6 2 30
9 4 11 1 30
9 5 6 2 30
9 5 11 1 30
9 7 11 1 30
10 0 1 2 30
10 0 2 2 30
10 1 7 1 30
10 1 11 1 30
10 2 7 1 30
10 2 11 1 30
10 3 4 2 30
10 3 5 2 30
10 6 6 4 30
10 11 11 2 30
11 1 7 3 30
11 2 7 3 30
11 4 4 4 30
11 4 5 2 30
11 5 5 4 30
11 8 11 1 30
11 9 11 1 30
11 10 11 1 30
12 0 8 1 30
12 0 9 1 30
12 0 10 1 30
12 1 1 4 30
12 1 2 2 30
12 2 2 4 30
12 3 11 3 30
12 6 11 3 30
13 1 1 4 30
13 1 2 2 30
13 2 2 4 30
13 4 11 3 30
13 5 11 3 30
13 7 8 1 30
13 7 9 1 30
13 7 10 1 30
14 1 8 3 30
14 1 9 2 30
14 1 10 1 30
14 2 8 1 30
14 2 9 2 30
14 2 10 3 30
14 11 11 6 30
15 8 8 6 30
15 8 9 3 30
15 8 10 1 30
15 9 9 4 30
15 9 10 3 30
15 10 10 6 30
1
0 0 0 2 20
0 0 3 1 20
0 0 6 1 20
0 0 9 1 20
0 3 3 2 20
0 3 6 1 20
0 3 9 1 20
0 6 6 2 20
0 6 9 1 20
0 9 9 2 20
1 0 0 2 20
1 1 3 1 20
1 1 6 1 20
1 1 9 1 20
1 2 3 1 20
1 2 6 1 20
1 2 9 1 20
2 0 1 1 20
2 0 2 1 20
2 3 3 2 20
2 4 6 1 20
2 4 9 1 20
2 5 6 1 20
2 5 9 1 20
3 1 1 2 20
3 1 2 1 20
3 2 2 2 20
4 0 4 1 20
4 0 5 1 20
4 3 4 1 20
4 3 5 1 20
4 6 6 2 20
4 7 9 1 20
4 8 9 1 20
5 1 4 1 20
5 1 5 1 20
5 2 4 1 20
5 2 5 1 20
6 4 4 2 20
6 4 5 1 20
6 5 5 2 20
8 0 7 1 20
8 0 8 1 20
8 3 7 1 20
8 3 8 1 20
8 6 7 1 20
8 6 8 1 20
8 9 9 2 20
9 1 7 1 20
9 1 8 1 20
9 2 7 1 20
9 2 8 1 20
10 4 7 1 20
10 4 8 1 20
10 5 7 1 20
10 5 8 1 20
12 7 7 2 20
12 7 8 1 20
12 8 8 2 20
2
1 4 4 2 20
1 4 7 1 20
1 7 7 2 20
2 0 4 1 20
2 0 7 1 20
3 1 4 1 20
3 1 7 1 20
3 2 4 1 20
3 2 7 1 20
3 3 4 1 20
3 3 7 1 20
4 0 0 2 20
5 0 0 2 20
5 4 4 2 20
5 5 7 1 20
5 6 7 1 20
6 0 1 1 20
6 0 2 1 20
6 0 3 1 20
7 1 1 2 20
7 1 2 1 20
7 1 3 1 20
7 2 2 2 20
7 2 3 1 20
7 3 3 2 20
9 4 5 1 20
9 4 6 1 20
9 7 7 2 20
10 0 5 1 20
10 0 6 1 20
11 1 5 1 20
11 1 6 1 20
11 2 5 1 20
11 2 6 1 20
11 3 5 1 20
11 3 6 1 20
13 5 5 2 20
13 5 6 1 20
13 6 6 2 20
3
2 7 7 2 20
4 0 7 1 20
4 3 7 1 20
5 1 7 1 20
5 2 7 1 20
6 4 7 1 20
6 5 7 1 20
6 6 7 1 20
8 0 0 2 20
8 0 3 1 20
8 3 3 2 20
9 0 0 2 20
9 1 3 1 20
9 2 3 1 20
10 0 1 1 20
10 0 2 1 20
10 3 3 2 20
10 7 7 2 20
11 1 1 2 20
11 1 2 1 20
11 2 2 2 20
12 0 4 1 20
12 0 5 1 20
12 0 6 1 20
12 3 4 1 20
12 3 5 1 20
12 3 6 1 20
13 1 4 1 20
13 1 5 1 20
13 1 6 1 20
13 2 4 1 20
13 2 5 1 20
13 2 6 1 20
14 4 4 2 20
14 4 5 1 20
14 4 6 1 20
14 5 5 2 20
14 5 6 1 20
14 6 6 2 20
4
3 5 5 2 20
6 0 5 1 20
7 1 5 1 20
7 2 5 1 20
7 3 5 1 20
7 4 5 1 20
11 5 5 2 20
12 0 0 2 20
13 0 0 2 20
14 0 1 1 20
14 0 2 1 20
14 0 3 1 20
14 0 4 1 20
15 1 1 2 20
15 1 2 1 20
15 1 3 1 20
15 1 4 1 20
15 2 2 2 20
15 2 3 1 20
15 2 4 1 20
15 3 3 2 20
15 3 4 1 20
15 4 4 2 20
