0
0 0 0 4 30
0 0 3 2 30
0 0 7 1 30
0 3 3 4 30
0 3 7 1 30
0 4 6 3 30
0 5 6 3 30
0 6 7 1 30
1 0 0 4 30
1 0 3 2 30
1 0 7 1 30
1 1 6 1 30
1 2 6 1 30
1 3 4 2 30
1 3 5 2 30
1 3 7 1 30
1 6 6 4 30
1 6 11 1 30
2 0 7 3 30
2 3 7 3 30
2 4 4 4 30
2 4 5 2 30
2 5 5 4 30
2 6 8 1 30
2 6 9 1 30
2 6 10 1 30
3 0 0 4 30
3 0 4 1 30
3 0 5 1 30
3 0 7 1 30
3 1 3 2 30
3 2 3 2 30
3 3 6 2 30
3 3 11 1 30
3 6 6 4 30
3 6 11 1 30
4 0 0 4 30
4 1 3 2 30
4 2 3 2 30
4 4 6 2 30
4 4 7 1 30
4 4 11 1 30
4 5 6 2 30
4 5 7 1 30
4 5 11 1 30
4 7 7 2 30
5 0 7 3 30
5 1 4 2 30
5 1 5 1 30
5 2 4 1 30
5 2 5 2 30
5 3 8 1 30
5 3 9 1 30
5 3 10 1 30
5 6 11 3 30
6 4 8 3 30
6 4 9 2 30
6 4 10 1 30
6 5 8 1 30
6 5 9 2 30
6 5 10 3 30
6 7 7 6 30
7 0 1 3 30
7 0 2 3 30
7 0 11 1 30
7 3 3 4 30
7 3 6 2 30
7 3 11 1 30
7 6 6 4 30
7 6 11 1 30
8 0 1 2 30
8 0 2 2 30
8 1 7 1 30
8 2 7 1 30
8 3 3 4 30
8 4 6 2 30
8 4 11 1 30
8 5 6 2 30
8 5 11 1 30
8 7 11 1 30
9 0 1 2 30
9 0 2 2 30
9 1 7 1 30
9 1 11 1 30
9 2 7 1 30
9 2 11 1 30
9 3 4 2 30
9 3 5 2 30
9 6 6 4 30
9 11 11 2 30
10 1 7 3 30
10 2 7 3 30
10 4 4 4 30
10 4 5 2 30
10 5 5 4 30
10 8 11 1 30
10 9 11 1 30
10 10 11 1 30
11 0 8 1 30
11 0 9 1 30
11 0 10 1 30
11 1 1 4 30
11 1 2 2 30
11 2 2 4 30
11 3 11 3 30
11 6 11 3 30
12 1 1 4 30
12 1 2 2 30
12 2 2 4 30
12 4 11 3 30
12 5 11 3 30
12 7 8 1 30
12 7 9 1 30
12 7 10 1 30
13 1 8 3 30
13 1 9 2 30
13 1 10 1 30
13 2 8 1 30
13 2 9 2 30
13 2 10 3 30
13 11 11 6 30
14 8 8 6 30
14 8 9 3 30
14 8 10 1 30
14 9 9 4 30
14 9 10 3 30
14 10 10 6 30
1
0 0 0 2 20
0 1 3 1 20
0 1 6 1 20
0 1 9 1 20
0 2 3 1 20
0 2 6 1 20
0 2 9 1 20
1 0 1 1 20
1 0 2 1 20
1 3 3 2 20
1 4 6 1 20
1 4 9 1 20
1 5 6 1 20
1 5 9 1 20
2 1 1 2 20
2 1 2 1 20
2 2 2 2 20
3 0 4 1 20
3 0 5 1 20
3 3 4 1 20
3 3 5 1 20
3 6 6 2 20
3 7 9 1 20
3 8 9 1 20
4 1 4 1 20
4 1 5 1 20
4 2 4 1 20
4 2 5 1 20
5 4 4 2 20
5 4 5 1 20
5 5 5 2 20
7 0 7 1 20
7 0 8 1 20
7 3 7 1 20
7 3 8 1 20
7 6 7 1 20
7 6 8 1 20
7 9 9 2 20
8 1 7 1 20
8 1 8 1 20
8 2 7 1 20
8 2 8 1 20
9 4 7 1 20
9 4 8 1 20
9 5 7 1 20
9 5 8 1 20
11 7 7 2 20
11 7 8 1 20
11 8 8 2 20
2
0 4 4 2 20
0 4 7 1 20
0 7 7 2 20
1 0 4 1 20
1 0 7 1 20
2 1 4 1 20
2 1 7 1 20
2 2 4 1 20
2 2 7 1 20
2 3 4 1 20
2 3 7 1 20
3 0 0 2 20
4 0 0 2 20
4 4 4 2 20
4 5 7 1 20
4 6 7 1 20
5 0 1 1 20
5 0 2 1 20
5 0 3 1 20
6 1 1 2 20
6 1 2 1 20
6 1 3 1 20
6 2 2 2 20
6 2 3 1 20
6 3 3 2 20
8 4 5 1 20
8 4 6 1 20
8 7 7 2 20
9 0 5 1 20
9 0 6 1 20
10 1 5 1 20
10 1 6 1 20
10 2 5 1 20
10 2 6 1 20
10 3 5 1 20
10 3 6 1 20
12 5 5 2 20
12 5 6 1 20
12 6 6 2 20
3
1 7 7 2 20
3 0 7 1 20
3 3 7 1 20
4 1 7 1 20
4 2 7 1 20
5 4 7 1 20
5 5 7 1 20
5 6 7 1 20
7 0 0 2 20
7 0 3 1 20
7 3 3 2 20
8 0 0 2 20
8 1 3 1 20
8 2 3 1 20
9 0 1 1 20
9 0 2 1 20
9 3 3 2 20
9 7 7 2 20
10 1 1 2 20
10 1 2 1 20
10 2 2 2 20
11 0 4 1 20
11 0 5 1 20
11 0 6 1 20
11 3 4 1 20
11 3 5 1 20
11 3 6 1 20
12 1 4 1 20
12 1 5 1 20
12 1 6 1 20
12 2 4 1 20
12 2 5 1 20
12 2 6 1 20
13 4 4 2 20
13 4 5 1 20
13 4 6 1 20
13 5 5 2 20
13 5 6 1 20
13 6 6 2 20
4
2 5 5 2 20
5 0 5 1 20
6 1 5 1 20
6 2 5 1 20
6 3 5 1 20
6 4 5 1 20
10 5 5 2 20
11 0 0 2 20
12 0 0 2 20
13 0 1 1 20
13 0 2 1 20
13 0 3 1 20
13 0 4 1 20
14 1 1 2 20
14 1 2 1 20
14 1 3 1 20
14 1 4 1 20
14 2 2 2 20
14 2 3 1 20
14 2 4 1 20
14 3 3 2 20
14 3 4 1 20
14 4 4 2 20
